==0,1==
49 23
38 23
67 59
48 45
40 41
19 18
44 29
41 42
25 25
25 43
59 59
48 22
40 27
8 4
48 40
0 0
40 36
71 51
29 45
40 45
41 19
44 24
41 37
33 33
44 42
25 38
3 1
25 47
3 10
22 23
66 66
47 34
7 7
47 43
36 43
28 39
70 63
48 26
40 22
29 31
21 27
40 40
10 8
41 23
33 19
33 28
73 73
25 42
3 5
14 14
74 65
47 38
65 74
47 47
28 43
48 39
29 44
10 3
39 48
2 8
44 23
73 68
3 0
43 36
36 33
28 29
6 10
39 43
20 48
43 22
32 40
36 19
47 19
36 28
28 24
28 33
28 42
48 20
42 44
21 21
10 2
73 58
54 54
23 48
13 13
24 31
32 44
43 44
46 46
65 59
28 19
28 28
68 64
68 73
42 39
19 46
61 61
20 20
31 29
10 6
39 42
2 2
23 43
16 13
24 26
43 39
35 35
56 67
24 44
5 3
9 1
65 72
68 68
42 25
19 32
27 45
42 43
19 41
39 19
39 28
31 24
31 33
31 42
23 38
1 10
13 12
43 25
43 34
38 32
9 5
65 67
26 48
19 27
27 40
19 36
63 70
19 45
20 19
31 19
39 41
45 39
34 39
13 16
72 65
45 48
53 70
46 31
38 27
5 2
49 36
9 9
38 45
71 60
19 31
42 42
19 40
23 19
23 37
1 0
34 34
1 9
34 43
16 16
49 22
67 67
38 40
49 49
38 49
8 8
27 21
42 19
42 28
41 41
12 14
33 46
23 23
45 29
74 74
45 38
34 38
34 47
22 45
56 56
15 15
26 24
55 69
59 67
8 3
48 48
30 30
44 32
44 41
23 18
44 50
22 22
45 33
74 69
22 40
22 49
55 55
70 53
70 71
48 43
0 3
71 54
40 48
71 63
41 40
33 36
33 45
44 45
45 19
34 19
45 28
51 71
22 44
18 19
8 2
48 38
21 39
63 63
44 22
33 31
44 31
41 44
3 8
45 23
37 19
67 56
67 65
18 23
70 70
29 29
29 38
40 38
69 74
62 62
41 39
44 44
3 3
14 12
32 48
43 48
37 23
66 68
36 36
15 13
36 45
18 18
48 19
69 69
10 1
10 10
2 6
54 71
43 43
36 31
28 27
36 40
28 36
36 49
28 45
48 23
29 19
40 19
48 32
69 55
29 28
58 73
21 42
2 10
31 46
32 38
43 38
51 51
43 47
40 23
40 32
21 28
10 0
39 45
2 5
43 42
32 42
17 17
50 50
42 46
21 23
31 36
31 45
23 41
32 19
13 15
43 28
24 24
47 25
57 57
28 21
68 66
6 2
27 34
42 32
58 58
19 39
42 41
19 48
31 31
39 44
23 27
23 45
43 23
32 32
64 64
24 28
5 5
65 65
38 48
6 6
27 38
19 34
39 21
12 13
39 39
23 22
60 71
31 44
23 40
1 3
23 49
32 27
35 23
72 72
64 68
38 25
38 34
5 9
38 43
6 1
19 20
42 22
19 29
42 31
50 44
19 38
42 49
19 47
4 4
39 34
23 35
23 44
37 37
22 48
46 33
38 29
46 42
38 38
49 38
38 47
27 19
27 28
11 11
27 37
71 71
19 33
19 42
12 12
4 8
23 21
45 27
34 27
45 36
45 45
22 43
37 41
46 19
59 65
49 42
8 10
27 23
19 19
42 21
27 32
19 28
19 37
63 71
44 39
52 52
45 22
45 31
1 6
37 27
45 40
53 53
38 19
26 26
49 37
0 1
27 27
0 10
19 23
71 70
60 60
44 43
1 1
45 44
22 42
37 49
