==0,1==
44 57
45 59
39 16
80 80
86 87
43 61
87 86
34 30
64 64
87 89
12 13
39 34
71 71
10 12
43 60
25 30
48 47
16 20
54 54
47 64
50 43
51 48
87 79
3 3
36 35
28 16
64 44
86 82
17 39
33 33
26 32
84 84
34 37
52 50
35 24
55 51
85 91
19 19
57 57
28 28
10 2
28 31
54 72
61 73
2 10
24 24
2 8
28 17
78 78
70 46
40 40
44 60
57 53
65 65
73 50
69 69
20 16
18 20
59 61
45 45
64 46
13 1
29 22
72 72
25 25
19 35
58 65
55 55
59 48
6 9
26 34
18 29
74 69
59 45
33 23
76 76
44 74
56 56
70 59
49 49
46 64
34 34
74 64
45 68
58 70
84 86
50 47
28 37
64 74
71 57
20 24
30 34
64 61
48 70
47 48
81 81
20 20
35 28
16 16
1 13
46 52
61 61
20 18
10 10
90 84
12 2
10 4
36 20
48 48
46 46
35 30
54 52
57 44
74 44
18 18
43 70
79 79
0 13
85 82
29 26
8 2
34 18
34 26
69 58
28 35
58 58
39 38
69 53
53 69
35 38
60 43
37 20
56 48
82 86
21 21
58 69
83 81
30 18
39 39
85 85
48 42
2 12
50 52
28 24
43 50
37 15
18 25
26 28
91 79
45 48
44 64
60 63
3 10
48 43
35 36
17 18
30 35
70 71
24 20
34 39
11 8
30 25
22 19
56 53
50 50
43 44
8 11
0 0
44 53
28 26
61 70
28 15
36 36
1 2
48 59
20 37
15 15
37 21
88 83
20 36
7 8
68 68
89 89
70 70
12 10
48 56
48 53
8 1
32 26
8 13
11 2
55 50
42 48
21 39
50 73
31 31
65 58
51 51
63 60
68 45
68 47
11 6
2 7
90 90
6 6
48 57
61 43
50 72
79 86
86 86
88 88
17 26
29 18
62 57
35 35
44 43
8 8
22 29
84 90
16 39
