==0==
45 85
57 74
50 72
2 8
21 22
25 30
79 81
67 73
59 64 80
18 28
10 45
31 53
24 28
17 26 28
44 65
2 5
51 57
7 51 54
10 76
5 32
69 72
18 20
61 88
84 90
46 51
4 28
15 37
60 80
26 74
9 48
21 37
28 37
13 18
50 53
80 88
50 70
8 51
43 44
3 10
27 28
30 33
20 30
13 63
26 64
15 16
50 64
26 63
83 84
25 77
46 52
13 77
58 70
18 32
48 62
44 53
50 58
6 11
15 27
58 64
18 26
61 64
58 69
0 13
8 10
46 64
61 70
26 34
9 39
17 18
20 70
88 90
45 67
8 73
46 85
67 74
29 39
63 67
83 88
25 33
51 79
57 62
21 26
6 37
2 14
13 46
60 85
36 40
16 43
45 52
9 34
43 57
16 83
58 71
1 14
43 64
47 68
50 63
83 91
20 21
44 64
17 26
15 28
14 33
26 37
21 40
8 13
15 30
30 35
15 17
21 35
5 12
20 73
80 91
5 9
49 57
20 53
18 35
43 65
44 49
47 55
26 70
2 3 10
50 52
21 28
76 80 86
69 71
41 43
2 44
88 89
1 83 87
26 73
44 50 57
84 87
34 37
38 39
43 82
28 31
50 73
2 12
51 76
61 83
1 18 22
22 30
80 86
47 54
22 29
52 57
1 35
44 49 57
18 36
58 72
70 76
57 70
34 59
25 29
9 45
2 13
63 70
50 57
54 79
57 65
1 83
79 85
80 85
22 45
10 12
15 18
16 39
64 74
56 60
1 59
1 13
33 36
17 52
30 34
43 50
48 51
2 11
15 36
25 85
28 35 37
59 84
8 35
71 84
45 48
47 84
22 81
47 66
20 35
45 66
37 38
29 35
54 72
45 57
47 64
60 76
60 64
44 51
33 74
12 77
37 75
44 56
4 13
64 66
18 29
84 91
0 8
79 86
53 57
29 30
10 11
85 89
61 73
30 40
44 60
33 39
1 3
87 90
9 57
11 24
81 84
37 55
9 76
6 28
79 91
53 61 70
48 57
8 20
60 77
6 12
59 70
26 32
54 64
19 35
59 64
35 44
52 54
11 13
44 50
20 31
6 77
81 83
70 74
7 44
2 10
79 89
20 61
46 56
53 71
80 83 85
9 65
25 91
48 64
46 82
76 80
47 48
13 35
26 29
48 70
45 68
32 35
80 84
51 84
3 10 12
10 25
6 44
1 2
53 80
7 54
26 29 34
48 55
26 33
20 78
42 48
15 74
61 78
57 71
77 78
18 31
83 85
13 53
61 80
31 70
0 10
7 61
78 80
18 34
56 70
33 46
6 9 11
31 40
16 37
24 31 48 70
20 48
18 27
30 76
25 36
8 82
53 74
70 71
82 86
35 57
74 77
47 50
84 89
17 20
6 13
18 22 35
63 80
47 88
19 27
2 51
44 59
11 14
1 8
2 3
34 89
27 36
76 89
36 37
9 35
6 10
53 56
34 39
48 59
45 59
63 73
6 9
25 28
34 83
79 84
20 60
65 69
24 35
58 65
2 6 11
48 73
16 20
30 37
9 18
44 46
58 79
43 70
49 74
15 26
27 35
8 86
79 87
41 56
35 36
20 36
24 31 48
1 18
48 56
42 43 48
19 28
22 46
8 11
15 27 28
25 83
2 7
6 53
23 49
60 70
23 33
17 28
15 16 17
81 86
50 55
17 37
51 83
87 89
60 63
25 88
13 70
1 6
51 90
1 62
7 42
8 12
8 29
28 33
18 33
7 46
25 31
11 35
48 67
17 35
14 35
51 55
2 61
48 63
86 89
51 61
35 38
85 91
52 65
7 51
60 61 64
53 77
25 39
3 6
3 12
16 21
60 87
20 33
43 61
43 45
45 48 64
8 12 13
24 48 70
49 50
53 69
84 86
82 84
35 45
85 86
61 81
33 37
44 74
59 61
84 88
35 77
22 35
58 83
20 22
22 87
48 53
53 59
35 74
33 70
7 8
10 35
53 60
48 69
5 51
23 29
33 35
29 34
83 87
16 28
20 24
23 80
23 41
45 56
61 69
69 70
10 13
45 70
29 38
59 69
54 80
46 70
13 72
21 27
64 71
2 35
2 57
15 18 26
69 74
42 64
0 7
1 70
19 22
52 53
19 58
9 36
2 64
58 60
30 77
26 53
44 48
51 84 87
20 39
18 70
80 89
12 35
48 71
43 49
55 65
33 60
21 39
28 35
64 70 74
76 86
8 37
51 60
48 76
35 56
13 33
44 66
76 77
13 76
71 85
45 69
52 74
50 59
44 75
0 12
17 39
65 72
4 10
52 55
17 70
25 35
18 37
25 52
71 88
59 71
54 82
7 50
0 3
67 70
49 55
26 41
57 63
43 60
25 37
27 60
24 54
80 90
6 26
31 36
86 87
44 53 57
42 74
82 85
18 25
16 17
18 30
31 48
85 87
49 61
72 84
50 65
9 75
20 37
26 76
7 26
48 61
56 85
90 91
11 77
38 90
12 13
52 80
13 56
9 29
45 71
10 39
5 44
==1==
0 3
0 4
0 5
0 7
0 8
0 9
0 10
0 11
0 14
0 35
1 3
1 6
1 10
1 12
1 14
1 22
1 37
1 62
1 70
1 83
2 3
2 5
2 6
2 9
2 13
2 14
2 24
2 26
2 35
2 44
2 58
2 64
3 9
3 10
3 12
4 13
5 8
5 9
5 10
5 12
5 13
5 44
6 10
6 12
6 13
6 28
6 35
6 44
6 53
6 76
6 77
6 89
7 20
7 42
7 44
7 48
7 73
8 9
8 10
8 12
8 13
8 20
8 29
8 40
8 51
8 70
8 73
8 82
8 86
9 11
9 12
9 13
9 26
9 34
9 37
9 39
9 45
9 48
9 50
9 65
9 75
9 76
9 77
10 11
10 13
10 14
10 25
10 37
10 39
10 45
10 76
10 77
11 12
11 13
11 14
11 24
11 26
11 35
11 52
11 60
11 77
12 14
12 51
13 20
13 33
13 35
13 46
13 53
13 56
13 58
13 60
13 72
13 76
13 88
14 33
14 35
14 51
15 16
15 18
15 19
15 20
15 21
15 22
15 26
15 30
15 31
15 35
15 36
15 74
16 17
16 19
16 27
16 35
16 47
16 59
17 19
17 26
17 27
17 28
17 35
17 37
17 52
18 22
18 26
18 27
18 28
18 32
18 35
18 36
18 70
19 27
19 28
20 21
20 22
20 26
20 29
20 30
20 31
20 33
20 34
20 35
20 39
20 48
20 53
20 55
20 61
20 63
20 77
20 84
21 22
21 26
21 28
21 35
21 40
21 53
22 27
22 30
22 31
22 35
22 36
22 37
22 45
22 46
22 61
22 81
22 88
23 29
23 35
23 45
23 49
23 56
23 64
23 65
25 26
25 29
25 33
25 35
25 36
25 37
25 39
25 44
25 77
25 79
25 83
25 85
25 90
25 91
26 27
26 30
26 33
26 34
26 35
26 37
26 39
26 70
26 86
27 28
27 35
27 36
27 37
27 60
28 33
28 34
28 83
29 30
29 33
29 35
29 38
29 39
29 80
30 31
30 32
30 33
30 36
30 37
30 76
30 83
31 32
31 36
31 40
31 70
31 76
32 35
32 37
32 39
33 34
33 36
33 39
34 46
34 59
34 83
34 85
34 89
35 37
35 40
35 44
35 45
35 46
35 51
35 63
35 70
35 74
35 77
35 83
36 37
36 40
36 51
36 70
36 76
36 77
37 38
37 39
37 55
37 75
38 90
39 45
39 60
39 80
41 43
41 49
41 56
41 64
42 48
42 51
42 61
42 64
42 74
43 45
43 46
43 48
43 49
43 51
43 53
43 64
43 65
43 68
43 69
43 74
43 76
43 78
43 82
43 87
44 46
44 49
44 51
44 53
44 56
44 57
44 59
44 61
44 62
44 65
44 66
44 69
45 52
45 55
45 56
45 64
45 66
45 67
45 69
45 70
45 85
46 48
46 51
46 53
46 56
46 58
46 60
46 63
46 79
46 82
47 52
47 54
47 55
47 84
47 88
48 49
48 50
48 55
48 60
48 61
48 62
48 63
48 67
48 69
48 73
48 74
48 76
48 80
49 53
49 56
49 57
49 61
49 62
49 65
49 71
50 53
50 57
50 58
50 59
50 61
50 63
50 65
50 69
51 54
51 57
51 60
51 61
51 63
51 70
51 79
51 90
52 53
52 55
52 57
52 65
52 74
52 80
53 59
53 60
53 61
53 64
53 65
53 70
53 71
53 77
53 80
54 55
54 64
54 70
54 80
54 82
55 58
55 65
55 69
55 70
55 72
56 60
56 61
56 70
57 63
57 65
57 67
57 70
57 72
57 74
58 59
58 60
58 61
58 64
58 71
58 72
59 64
59 69
59 71
59 74
59 84
60 61
60 64
60 70
60 74
60 76
60 77
60 80
60 81
60 85
60 87
61 68
61 71
61 74
61 78
62 70
63 67
63 70
63 73
63 87
64 66
64 70
64 71
64 76
64 77
65 69
65 71
65 72
65 80
67 70
67 73
67 74
69 70
69 71
69 72
70 74
70 76
70 77
70 78
70 89
71 84
71 85
72 74
72 84
75 80
76 77
76 80
76 83
76 86
77 78
78 80
78 83
79 80
79 81
79 82
79 83
79 84
79 85
79 88
79 89
80 81
80 82
80 83
80 84
80 85
80 86
80 87
80 88
80 89
80 90
80 91
81 84
81 86
81 87
81 90
81 91
82 87
82 88
83 84
83 85
83 86
83 87
83 89
83 91
84 85
84 87
84 88
84 89
84 91
85 86
85 87
85 89
85 90
86 89
87 88
87 90
87 91
88 89
88 90
88 91
89 91
2 3 10
2 6 9
2 6 11
2 6 26
2 11 35
6 9 11
6 11 35
7 16 21
7 48 51
7 51 54
7 51 61
15 16 17
15 18 26
15 27 28
16 17 19
18 22 35
18 26 37
24 31 48
28 35 37
33 60 70
42 48 51
44 49 57
44 50 57
44 56 57
45 48 64
50 52 57
50 53 57
50 56 57
53 61 70
59 64 80
60 61 64
64 70 74
80 83 85
50 52 53 57
