==0==
73 168
202 207 262
234 315
50 172
104 133 228
54 246 285
216 291 300
3 96
25 73 101
77 78 219
165 272 300
112 166 215
10 143 201
76 162 244
279 300
60 77 78
280 312
70 108
4 5 216
41 96 100
70 270
56 134
55 121
210 223 227
48 72
32 113 115
174 178
24 70 92
48 186
19 103 216
218 225
34 262
59 158
202 212 214
11 88 111
162 191
161 187
71 80 127
163 318
50 156
106 231
178 209
15 63
60 113 115 116
72 124
290 304
210 227
20 79
88 297
50 72 170 172
78 137
135 272
195 313
13 123 231
201 286
17 54
39 213
264 298
170 183 188
33 252
41 84 96
87 246
143 144 268 284
85 93
56 160
131 197
16 299
11 18
29 57 192
241 256
165 268 298
37 107
155 282
227 294
101 150
4 11 105
234 264
91 178 205
6 65 107
125 183
44 89
275 280
12 194
30 238 301
265 283
113 148
100 115
110 240
8 312
60 64 113
293 325
176 316
24 151 166
74 318
199 309
81 82 126 185
137 197
83 192 205
5 258
228 261
58 176 187
202 212
55 110 235
74 154
103 225
111 133 218
27 75 84
61 188
21 25
193 200
122 194
21 26 322
149 272
10 299
4 104
213 249 310
110 251
133 248 258
147 183
104 132 297
143 287
41 120 129
208 286
206 295
10 132 257
76 77 83
76 174 180
173 176 179
16 107 175 177
27 40 41
234 286
4 111 196
104 111 242
212 222
11 142
100 308
82 134
131 308
34 243 284 296
102 208
26 154 317
24 173
72 230
58 124
63 114 116
121 126
51 157
173 229
206 243
29 83 190
309 325
165 280
37 93
143 302
16 138 197
240 276
70 71 79
71 234
65 84
146 256
38 153
92 119
30 232
71 72 172
17 242
112 225
57 131 162
59 72 195
73 166
173 186
121 234
86 245 285
103 267 275
138 220
238 266
4 254
194 225
62 71
22 106 125
141 280 312
149 216 292
143 271 279
109 122
48 53 179 230
26 153
76 133 162
87 236
177 265
16 65
86 246 285
140 171 304
28 75 100
184 195
86 237
9 315
89 297
147 250
166 168
4 229
137 174
16 83 219
257 300
30 175
17 218
115 175 177
37 120 126
1 154
135 234
12 258 261
11 201
12 46 106
38 320
89 215
125 169 176
165 267
157 161 167
149 201
12 249
206 212 325
62 176
16 191
57 77 131
20 26 71
66 155
105 229
81 126 185
55 134 246
107 238 260
60 145
103 210
24 25 108
70 74 278
58 117
159 189
242 294
171 206 286
102 140
8 271 275
258 261
106 113
14 123
71 183
298 315
88 171 280
27 84
31 32 85
257 280
14 238
199 253
1 320
297 298
36 59 69
185 265
109 231
76 205
92 313
40 47 93
0 25
45 228
250 297
8 11
304 321
18 297
63 64 114
110 283
32 85
31 37
11 294
147 222
28 147
146 262
158 198 232
71 303
64 100
21 130 270
48 116
275 312
143 268 298
169 230
91 178
146 147 284
38 268
11 12
168 322
43 88
65 248
106 107 125 176
21 70 101
169 200
53 125
264 320
210 223
141 292
162 209
112 218
111 112 297
17 103
238 260
140 171 204
102 317
37 90
27 84 100
72 188
31 84 100
49 58 72
21 151
226 310
80 157
42 266
8 111 234
130 193
162 175
67 155
70 168
30 220
17 221 258
111 229
8 10 234
79 80 102 130
25 270
127 163
111 216
118 119
30 177 205
3 46 47
81 134
144 217
50 172 195
68 157
141 254
178 180
212 222 255
17 305
190 222
48 99
295 296
22 50
30 205
91 100 106
121 170
185 276
70 79
125 187 316
31 63 114
52 193
76 126 174
62 200
17 88
4 312
4 215
72 186
83 131 160 190
42 55
80 317
35 37 209
89 105
284 314
56 174 180
32 60 63 129
245 285
71 183 319
42 283
55 106
57 85
56 323
93 160
140 290
4 11 112
72 184
9 248
172 182
0 1
142 155
10 121 217 218
123 134 276
181 208
98 193
163 269
218 289
11 17
207 296
107 260
1 194
36 121 126
198 199
111 284
75 120
59 316
93 278
141 286
223 227
11 133
248 286
140 143 271
110 244 276
177 208 322
4 112 133 258
62 179 274
44 221 258
25 70
196 242
210 258
23 59
78 178
230 274
4 297
21 278
149 242
147 207
156 168
15 28 85
18 242
51 66 270
15 237
27 75
24 101 166
207 325
144 300
15 64
19 45
290 306
147 203
248 302
64 116
228 289
87 237 260
21 186
51 92 269
264 277
196 258
268 300
28 35 60 113
28 32
13 123 126 174
77 174 180
104 297
27 36
261 297
2 41 46
89 242
16 230
149 206 292
20 270
86 87 285
35 84
45 89
198 212
26 67
199 247
143 271 300
127 270
58 200
205 208
46 70 166
62 273
27 28 75 84
30 115 177
88 89
16 137 138 197
71 93
138 240
99 173 176
3 28
16 137
72 316
50 262
228 242 297
3 129
36 121
119 146
169 325
123 180
7 35
64 131
170 179
146 286
8 57
83 215
46 84
7 140
13 55
52 108
162 208
50 167
34 253
64 311
221 229
31 114
286 312
157 163 269
125 194
68 157 163
213 281
147 243 250
113 120
35 41
185 212
272 275
29 181
92 183
140 264 286
202 255
118 119 274
206 212
12 242
3 247
230 241
215 227
17 83
201 279
84 220
86 109
141 149
72 97
143 144 275 284
144 277
140 171 201 264
23 161 282
72 169 195
125 212
10 132
80 102 130
132 149
26 152
147 202
2 3 46
61 74 124
146 158
102 152
201 204 257 264
141 234 286
256 286
41 46 84 107
106 173
54 245 246
212 242
111 249
24 102 166
119 269
89 217
121 132
46 110 236
234 268
245 246
35 120
57 160 301
27 37
31 91
74 108
141 279
42 224
206 310
208 232
15 231
147 254
10 143 315
44 228 242
2 46
30 185
9 132 280
18 103
27 209
23 71
50 94 269
212 241
4 251
38 278
104 258
66 99
165 289
12 111 258
104 133 242
2 6
158 287
31 92
163 274
208 229
1 21 154
221 248
89 227
55 185 276
225 228 292
124 173
178 265
65 84 128
42 309
61 106
34 247 254
51 183
56 83
12 104
106 175
9 140
54 81 245
83 205
41 107
114 120
50 244
95 265
134 251
121 231 235
75 107
24 70
12 305
217 218 228
27 236
9 234
132 216 280
132 268
286 304
46 65
210 221 248
38 166
134 260
158 313
59 173
55 134 244
63 113
24 101 102
23 326
123 134 185
59 159
14 55 57
13 126
135 143 304
7 60
16 236
195 286
111 248
65 87
94 269
131 301
16 78
38 39 320
206 284
63 114 175 301
5 111 225
228 250 294
3 100
93 121
177 232
69 113
37 85
136 280
290 291 304
287 299
154 325
213 247
106 107 175
97 192
51 118
237 245
80 322
52 147
137 180
162 185 301
201 272
37 114
59 61 182
27 36 84
6 65 75
110 235 240
60 114 129
86 276
13 123 276
55 110
92 248
97 98 125
86 106
22 125 176
44 210
90 91 100
157 161 168
79 80
60 92 115
265 311
214 262
179 186 230
59 179 183
38 39 108
70 127 166
40 84 100
50 59
12 225 297
28 100
60 64 115
94 148 157
196 229
186 230
178 239
79 106
88 104
27 40 75 84 90
72 125
100 162 185
221 225 258
158 270
134 238
40 178
144 279
4 5
30 175 177
54 283
137 320
29 180
99 270
182 195
29 174 192
201 267 292
11 221
74 159
229 248
169 173
44 294
80 151
162 220
262 322
55 224 285
35 93
15 213
235 285
144 250
135 201
264 267 275
6 65 106
204 298 302
48 173 186
197 205
68 94 157
76 106 162
17 228
17 258 261
279 280 302
86 224 265
45 111
206 307
173 187
5 202
133 196
198 255
224 266
180 265
89 112
37 84
28 91
24 151 317
30 208
3 16
217 248
5 111 215 216
201 275
28 120
25 74
27 90 129
22 59
91 107
77 301
170 215
7 41 96
50 182
98 183
80 101 102
97 169 176
15 144
42 311
106 220
75 84 90
137 265
215 261
145 282
202 214 226
179 200
226 233
77 78 83
31 55
42 134
91 115 126
5 215
60 170
172 188
51 107
10 302
160 197
202 252
281 296
47 103
168 189
257 268 304
11 88 196 242
170 184
133 297
113 166
3 31 129
140 279
64 216
112 216
5 111 297
132 279
213 214
42 260
1 21 317
141 325
71 206
143 291
50 214
89 210
231 263 311
20 127
59 274
5 225
112 211
82 162 185
95 164
101 320
137 183
206 252
161 168
248 312
132 290
8 105
36 87 238
74 273
8 286
50 72 172
72 187 195
140 300
34 212
268 302
13 123 174
181 190
8 140 315
1 74
35 232
286 305
25 127
195 274
3 46 91
62 74 124
146 171
73 169
10 36
69 120
287 314
194 215
160 181
29 308
102 142
131 185
31 116
21 148
183 226
20 21 152
121 192
26 73
48 173
198 212 214
4 261
98 194
184 230
121 123
93 120
137 220
30 177 181
144 165 268
171 201 204
150 317
275 287 298
30 208 265
83 190
26 53
231 235 311
279 314
141 204
48 49 72
144 146 165
76 206
29 81 82
198 214
101 106
3 35
111 215 216
135 257 279 298
27 178
99 176
81 82
100 232
61 319
143 144 165 275 284
5 197
144 242
183 316
141 143
201 204 257
143 268 284
300 309
21 72
19 215
224 285
82 263
30 57
47 116
38 71
77 263
51 173
88 227
33 202
284 289
11 216
207 214
79 80 101 102
269 313
60 113 114
60 64 231
6 36 75
204 275 302
170 179 183
66 168
284 306
97 179
4 18 112
63 116
50 169
13 123 126
120 178
249 255
174 175 192
221 261
62 145 200
101 278
74 148 151
31 129
132 304
144 204 268 286
42 263
17 133
62 172 183
160 205
60 96 107
31 32 64
88 217
98 188
183 296
31 63
216 268
28 85 100
102 230
33 310
206 249
158 168
72 231
10 304
15 16 63
140 284
4 12 225
172 269
54 86 245
146 243 250 284
8 302
125 200
6 7 36
113 128
86 231
3 7 47 114
93 162
218 228
63 114 301
169 316
115 175 301
135 171 275
58 194
63 114 116 120
142 320
97 125 319
35 180 219
83 255
8 272 286
199 226
8 10 234 315
11 228 242
255 311
99 188 194
155 158
213 256
106 128
67 163
199 202
223 258
1 130
38 130
97 319
264 275
30 177 208
2 47 91
10 275
32 60 113
12 107
21 25 166
76 270
211 248
8 304 315
139 201
54 86 224 285
91 208
224 246
281 302
25 150
132 204
96 126
27 120
21 26 278
70 71 195
50 118
82 285
234 260
56 162 175
81 301
124 198
20 108 154
15 85
233 253
136 279
7 47 91
3 6
143 292 304
106 120 126
37 64
226 293 325
83 93
31 160 190
150 156
265 266
81 263
70 71
6 96
257 267
246 260 266 276
27 31 60 129
114 124
144 272
180 190
147 260
218 223
27 40 47
174 178 181
133 223
134 224 285
72 273
122 219
198 213
204 267 284
72 169
88 105
24 26
234 297
88 111 112
70 148 322
13 257
234 267
77 78 191
36 280
144 165 275 284
50 95
229 297
99 173 183
104 242 297
109 263
105 111
57 81 192
204 257 264 287
214 295
31 32 75
7 46 96
89 111
66 67
27 65
10 59
120 224
27 113
44 270
81 110 134
34 147 296
131 174
36 65
173 243
14 55
15 60 114
83 265
141 286 306
140 171 264 300
84 114 129
197 209
217 228 242
140 254
51 155
42 134 311
76 162 174
31 84 85
220 301
28 311
177 263
141 286 312
286 295
257 272
30 175 208
30 57 208
76 236
260 263
117 216
85 160
74 80
117 125
134 235
225 248
70 106
56 208
287 300 304
219 220
71 152 166
121 137
66 282
212 247 325
148 151 188
61 182 188
27 90
41 237
148 151
143 144 165
170 176
59 63
144 165 271
87 311
97 173 316
57 174
24 152
298 300
106 169
255 309
70 150
34 214
16 90
27 28 85
30 131
29 82 121
54 260 285
113 129
178 191
106 131
48 262
74 278
267 304
200 319
106 107 177
112 227 305
140 171 292
12 17 258
27 60 114
79 80 102
62 97 172
73 74 148
131 208 301
106 176
248 258
211 225
50 158
9 304
6 27 84
176 303
29 76
185 197
143 292
28 93
143 299
60 113 115
16 137 183
222 296
101 102 130
257 287
58 169 187
141 300 312
70 80 168
103 104 149
146 243 284
71 200
240 285
40 90 178
59 61 97
57 190
50 157
28 31 100
177 238
165 271
259 318
70 152
254 281
299 304
54 121 134
149 320
79 110
165 284
20 317
42 276
32 64 115
172 183
205 323
60 128
31 32 60 113
131 219
272 300
271 315
132 312
141 300
234 257
8 71
82 311
214 282
2 84
17 245
80 127
206 214 226
247 255
216 218 223
204 287
74 101
60 65
34 284
160 190 209
92 167
10 177 234
12 106
106 176 316
9 10 302
22 230
39 70 166
94 157 163
160 308
4 133
4 11 88
30 107 177
181 265
148 166
99 106 125
58 224
10 282
117 162
40 65 75
171 204 264
28 64 120
60 120
218 297
28 57
79 322
228 242
144 165 291
203 310
47 100
86 87
54 82
48 124 179
144 268 298
59 319
169 187 193
35 91 100
298 306
238 283
48 157
29 57 185
206 213 325
10 177
212 293
59 194
110 236
140 143 204
27 40 106
243 284
81 236
183 186
111 234
20 73
59 282
34 213 310
125 169 173 316
27 126
37 100
272 299
5 103 112
104 221
216 223
71 170
271 290
10 141
71 79 80
243 252
143 144
158 201
125 188
77 83
65 107
204 322
215 227 305
1 270
130 320
108 168
113 126
106 173 187
50 51 118 158
171 292
141 204 268 286
272 277
92 166
44 165
143 165 298
87 110
134 283
28 110 236
79 80 127
207 253
48 213
161 244
220 308
3 36
126 291
105 217
83 92
123 134 185 276
76 83 190
51 61
127 141
80 278
73 74 168
7 114
73 298
26 157
53 108
89 104
16 30
4 83
131 160 190
123 185 244
76 162 174 185
140 286 300
84 115
76 83
170 234
3 30
222 248
171 268
216 229
246 263 265
8 121
291 315
55 126
55 242
81 82 126 162 185
31 57
63 301
166 320
20 79 154
50 130 158
111 133
187 193
17 295
74 101 108
16 64
34 248
106 148
72 99 176
34 146
71 73
83 160 190
2 41
168 326
106 107 129
202 214 253
81 121 134
299 312
27 40 75
162 178 209
83 192
104 228
257 277
10 284
111 217
81 104
143 290
151 166 168
169 184
5 217
132 315
212 253
0 151
75 106
27 106
89 294
80 154
75 91 106
54 77
193 319
114 115 244 245
64 130
66 72
131 209
206 247
53 179
170 183 198
48 99 173
58 303
165 250
83 131 160
16 176
11 218
57 205 208
112 251
100 263
114 129
84 100 129
105 133 196
270 304
94 157 186
31 84 114
0 1 278
300 321
125 176
43 294
174 208
58 125 187
5 133
81 82 134
168 269
206 302
86 90
55 236
87 177
4 302
12 196
18 295
147 310
99 315
151 320
14 265
50 67
12 17 297
1 278
141 242 280
31 114 116
106 305
107 126
87 276
66 67 95
125 176 315
154 260
226 262
275 298
18 228
101 154
141 280 304
115 177 301
217 218 223
150 278
154 317
162 192
13 82 123 174
61 66 230
112 315
10 234 291
221 235
19 149 223
0 1 320
255 295
96 183
73 102
0 21 170
13 14 42
100 120
34 309
73 80
21 150 166
31 47
147 214
0 80
52 125
53 179 186
40 75 96
125 193
224 251
25 322
291 304
40 65
215 258
148 317
87 175
90 251
209 262
172 187
65 91
204 300 304
214 256
8 279
207 212
26 101
160 178 190
76 107 177
227 234
30 301
42 134 266
78 160
250 258
117 274
177 178
8 141 304
209 220
46 47
124 301
125 317
64 129
65 93
70 80
16 28 126
5 215 216
62 214
271 312
111 302
166 215
35 37 120
112 215 227 305
12 258
3 27 107
251 265
61 102
46 60
14 55 285
48 62
149 165
70 71 152 166
63 66
206 256 325
88 248
97 98 200
59 188
12 103 225
106 107
133 215 242
184 232
14 122 134
175 220
3 7
5 216
81 82 185
249 256
3 41 46
48 58 117
70 262
180 191
6 65
204 275
22 168
92 153
31 115
21 79
158 268
19 229
160 209
30 177
16 138
64 120
132 291
54 265
8 9 315
238 251
169 172 173
73 150
279 286
121 300
12 46
34 243 252
171 264 286
198 204
162 223
175 191
165 201
107 175
279 298
46 79 236
171 257
27 31
111 217 242
85 90
131 220
50 51 158
251 263
117 170
272 286
5 17 217
63 115
57 178
3 107 114
5 250
103 248
140 171 201
47 90
201 264
160 198
144 292
103 111 242
140 286 304
276 311
298 304
57 131 308
208 224
260 316
234 292
236 238
149 171
94 157
121 246
63 116 120
202 203
103 133 258
224 235
3 7 47
133 210
63 64 129
220 288
255 267
139 304
249 295
257 271 304
103 111 133
94 157 158
208 322
21 193
182 186
83 131 190
55 134
206 325
228 250
13 174
111 112 248
14 55 265
36 37
111 206
257 287 298
10 112
20 71
111 112 215
80 162
110 224
42 134 185
228 292
31 106 231
124 230
110 265
8 204 264
27 40 84
59 183 195
139 279
77 220
55 224
222 243
103 111
81 93
14 276
146 256 296
188 204
30 162 185
140 141 280
77 219
135 312
7 75 100
3 47 96
97 193
36 69 82
143 144 298
272 303
27 31 85
1 170
148 151 322
197 308
87 190
40 69
4 258
46 96
87 245
244 266
106 125 169
97 183
125 169
30 174
56 190
146 247
27 301
171 201 264
59 183 195 200
22 94
27 28 91
166 322
56 77
57 160
127 152
21 72 195
31 60 113
54 55 285
54 162
217 302
200 266
25 108
10 267
54 285
28 31 85
284 312
257 304
50 172 313
50 58
103 227
106 178
132 204 257
50 52 124
6 107
36 177
171 300
125 186
71 259 313
111 304
133 217 218 297
63 64
104 216
71 187 193
16 137 197
27 91 106
196 221
52 182
183 187
71 176
62 98
70 183
80 152
46 237
76 178
76 191
133 217 297
10 257 287
286 291
171 287
235 276
17 44 261
52 302
137 219
76 126 162 244
31 41
107 178
269 274
59 97 187
137 138 190
19 59
122 238
47 126
246 260 276
34 243 284
32 60 63
112 196 248
87 121
59 173 194
58 98
170 320
43 44
58 259
5 138 320
223 292
88 103
71 72 187
162 219
94 119
117 186
8 201 290
31 50
4 18
105 225
16 37
257 264 287 298
21 101 152
156 158
180 308
144 287 298
171 313
71 98
106 129
144 201
5 111 217 218
76 77 220
88 149
204 257 271
140 277
47 107
135 165
253 295 325
162 181
80 153
36 132
109 251
60 276
274 313
54 59
159 167
165 267 275
21 154 322
37 93 107
31 35
240 260
47 91
207 233 295
69 126
27 90 100
19 149
202 222
77 192
96 107
19 206
158 269
97 98 124
143 284
17 102
217 218 248
16 235
14 266
76 126 162
48 301
132 287
81 162 185 276
190 219
50 195 313
204 279
212 256
13 122
146 183
135 143
106 107 285
50 179
145 161
30 209
184 287
59 170 183
86 224 266
23 274
176 184
40 106
117 182
171 286 304
46 93
16 63 120
175 301
253 255 293
166 251
217 228
48 230
76 78
133 228
137 261
8 302 315
24 158
22 74
98 125 176
59 156
87 244
141 201 304
50 261
230 262
226 249
20 26
257 268
151 168 212
35 190
251 266
141 262
135 304
71 97
40 120
7 204
15 28
8 242
132 234 298
165 279
8 143
15 75
70 71 193
18 105
198 293
86 235
48 176 187
165 277
60 104
212 254
205 301
19 44
23 42
24 278
137 232
21 50 172
185 244
60 64
133 258
87 134
35 77
74 150 154
54 86 246
21 163 193 303
72 143
180 219
29 56 174
38 154
107 123 231
72 169 170
141 267 304
158 258
21 101 127
125 173 193
7 65
224 231 238
31 60 129
62 172
125 195
161 176
132 284
10 271
234 280
123 126 134
40 47
43 45
76 162 191
104 294
12 102
20 278
245 265
19 218
58 97 172
7 75 93
97 187
144 146
58 125 169
102 258
260 265
108 322
23 154 282
77 131
125 195 316
27 107
132 174
191 232
82 126
207 233
54 134 224
16 54 91
21 154 317
267 291
133 217
133 277
7 93
121 244
59 193
139 275
26 39
162 204
168 312
233 282
242 261
56 174 185
2 96
25 74 127
44 228
141 257
179 184
45 88 248
14 263
59 98
135 136 280
81 107
2 100
202 309
61 182
144 165 267 268 275
268 271
21 39
226 255
93 107 128
126 185
6 36
104 223
216 221
6 84 91
80 101
43 227
56 209
48 124
255 268
6 106
20 21 270
196 297
206 254
165 264 271
67 68
7 41
164 168
125 173 316
74 101 150
8 141
234 304
26 108 322
53 274
227 228
99 183
78 209
111 261
73 320
40 100
135 257
121 122
102 169
27 114 115
4 111 258
152 166
141 302
30 223
280 281
148 151 166
66 157
89 286
140 141 271
13 244
93 106 107
88 267
171 312
7 209
25 130
204 290
36 106
211 242
12 221 261
279 299
182 187
80 148 151 166
65 84 91 107
5 88 133 229
32 63 64 114
174 175 178
147 206
214 297
83 129
170 226
237 251
254 262
215 229
15 116
271 300
59 62
240 311
165 287
218 242 258
12 93
148 157 269
62 70
89 248
71 80 168
37 41
9 271
82 248
17 221 261
111 294
12 248
212 309
117 182 184
226 253
30 175 301
71 79 151
87 224
82 106
64 76
7 27
7 46 47
55 283
12 34
30 205 301
178 208
81 121 185
76 126 134
5 17 111
140 291
267 299
262 296
37 60 129
8 24 70
82 224
174 175 185
66 230
59 186
141 280 286
84 86
30 177 265
79 101 102
79 151
34 249
8 280 302
290 292 298
210 250
58 99
2 41 100
27 41
180 181
15 16 115
221 258
48 124 179 186
12 261
65 91 107
107 175 177
204 234
27 40 47 75
165 304
38 142
90 113
64 93
146 202
107 121
46 116
267 275 284
241 252
35 230
4 5 111
152 166 201
17 217 218
104 112
132 204 302
280 290
54 55 134
76 190
21 127 317
310 325
144 165 302
48 62 188
119 168
1 142
71 89
7 84
31 36
247 295
135 140 286
71 148
20 166 168 322
198 281
24 166
28 276
51 102 158
34 243 250
215 218
154 320
112 258
56 57 160
80 270
169 170
10 312
100 114
290 299
3 7 41 46
70 74
118 145
64 115 116
116 289
88 112 297
64 96
133 221
260 276
59 112
144 298
25 74 152
97 194
83 113
12 46 116
50 284
73 74 101
54 246 276
171 234
214 281
7 60 69
27 31 114
201 268 271
86 245
256 296
59 182
143 165 272
195 316
46 63
56 162
235 240 263 311
271 284 300
235 251
198 214 222
34 203
76 77
126 301
45 146
16 32
214 255
76 209
40 41
298 314
119 147
270 317
238 246
71 197
78 168
214 254 256
16 65 111
27 84 106
10 234 312
20 93
58 183
191 283
49 186
167 186
144 165 201
42 122
212 307
30 177 181 208
66 156
14 55 134
15 65
54 240
176 255
111 217 218 242
50 195
233 293
125 182
8 292
52 59 182
48 166
8 83
27 40 91
14 237 283
21 166
86 240
59 183 186
57 126
200 262
29 232
177 190 208
14 231
171 204 257
114 175 205
57 83 162
143 271 280
50 62 124
11 88
58 125
2 27
4 89
160 301
85 115
97 176
92 101
8 10 315
8 111 315
135 290
97 125 316
59 187
27 75 84 90
6 75 106
87 285
104 217 248
11 17 19
30 115 177 301
112 196
62 99
94 313
257 268 302
40 65 96
146 243 296
174 191
28 116
175 238
62 186
101 317
17 105
299 306
37 121
3 93
53 179 230
59 167 213
140 257 264
46 114
36 93 107
0 170
204 291
48 184
72 176
71 273
100 160
143 277
74 270
6 36 126
171 176
183 267
280 297
76 107
16 69 120
160 285
66 145
18 261
48 49 58
113 116 129
15 31
54 245
57 131 185
20 154 317
87 121 238
27 47 75
39 92
110 236 246
260 266 276
40 84 90
206 213
234 280 292
48 173 195
143 271
30 131 175
206 286
22 234
149 216 297
47 65
183 243
15 219
101 130
194 200
30 181
97 125
140 171 298
26 150
214 254
54 238 260
132 225
34 146 296
154 166
295 325
30 205 208 301
45 211
140 204 257
48 117
244 260
29 208
7 91 96
36 190
139 248
30 106
126 174 185
11 19
18 196
141 144 268 286
29 219
262 302
92 94
51 230
6 69
48 59 117
140 267
268 271 272
201 234
84 107
158 198
17 155
12 213
64 114
81 137
87 109
83 138 197
49 195
204 263
24 168
106 301
105 133 218
59 213
280 292 295
13 86 123 224
10 144
186 212
75 91
23 50
50 161
12 227
4 89 105 196
94 157 269
174 209
9 292
16 107
167 168
57 76 174
71 94 157
124 179
131 177
0 166
6 114
131 232
37 232
106 258 305
80 168
57 175
21 74 151
57 83 219
77 100
5 229
24 98
110 185 276
124 182
252 256
127 322
75 113
8 132 280
262 325
76 208
81 122
7 47 96
124 214
74 274
215 216
140 292
121 236
25 151 322
13 14 42 134
169 172 316
85 113
111 296
37 77
69 76 126
4 196
21 74
60 301
141 149 292
162 244
73 148
111 215 297
6 7 75
125 158
141 286 300
127 193
147 301
231 235 263
17 112
254 271
144 309
89 133
11 215
223 242 258
68 163
238 239
237 285
178 192
106 285
63 114 115
67 71
21 51
20 168
215 217
157 158
41 106
54 86 285
43 217
121 265
286 300
42 81
124 130
104 292
97 99 200
44 111
76 121
48 295
19 88
201 291 299
60 126
284 300
32 69
48 64
134 185
10 73
12 221
143 234 291
226 254
170 188
0 1 270
109 110
183 284
137 160
24 58
85 109
115 177
54 237
8 10 312
102 177 208
67 168
32 40
105 312
6 121
8 10 264
74 225
50 230
231 240
101 152
207 253 295
17 227
166 170
46 84 107
152 154
10 305
61 118
2 75 100
204 280
48 79
69 116
78 100
20 154
17 45
144 171 292
1 21 278
92 147
54 107
92 217
236 244
20 21 158
55 81 276
32 64
22 274
149 171 292
187 319
35 86
212 214 325
30 160 190
78 185 220
16 165
141 171 272
148 155
76 137
225 228 294
170 172
271 291
147 255
146 252
142 146
142 262
222 255
21 130
206 296
216 217 218
150 151
134 245
20 70 166
32 116
12 225 258
81 162 276
99 125
17 19 149
264 290 291
71 195
7 47 114
237 260
171 271
115 129
11 133 228
62 188
225 302
99 319
31 113 114
107 246
20 176
30 115
5 297
103 267 292
38 127
75 128
197 235 285
77 134
271 284
62 274
133 305
76 301
221 225
202 247
31 106
27 224
5 216 221
10 321
28 114
99 144
63 120
97 98 125 173
103 267
190 197
87 231
32 75
11 104 105
204 257 264
37 71
1 102
202 206 253
147 253 293
184 188
41 100
37 65
161 274
79 152
81 121 244
171 290
8 264
57 83
134 238 316
254 255
4 138
21 157
62 125
112 215 227
57 81
134 311
148 150
95 322
27 115
17 229
215 287
169 173 195
280 292
48 68
46 100
202 249
264 272
41 126
6 75
117 183
31 32 63 114
19 229 242
15 120
126 205
97 106
84 90 100
278 322
240 263
0 153
14 42 227
3 93 107
63 175
77 78 209
186 195
8 144
40 41 75
124 176
71 125 170
57 76 276
71 79 325
184 273
69 132
132 257
3 47 114
158 296
146 147
59 119
50 246
44 144
297 305
27 85
48 194
212 214
111 211
1 152
15 16 69 126
148 170
238 266 276
300 304
204 289
171 204 298
84 162
82 134 244
198 232
282 313
12 17 228
63 96
99 172
228 229
171 291
9 36 132
46 91
4 103 111
266 283
81 91
211 228
144 268 271
225 294
51 61 66
117 195
114 236
20 127 270
151 317
22 74 274
174 181
139 298
7 91 115
123 134
83 219
102 147
178 232
180 181 191
32 107 114
6 75 96
71 86
206 207
96 128
103 133
14 285
214 241
281 325
71 125 172
62 97 98
157 269
248 297
9 216
204 257 264 302
199 262
291 300
84 85 100
176 187 291
206 248
106 176 187
103 151
8 290
5 228
158 274
54 87
105 210
50 74
14 57
53 186
22 318
50 51 94 269
133 250
64 229
264 287 302
8 10 320
3 175
206 233 255
160 219
205 238
147 253
171 286 315
27 35
118 313
88 204
77 197
21 80 127
271 291 304
93 96
198 256
19 210
65 315
243 256
117 226
175 177 205
63 100
22 176 187
254 295
300 306
29 57 82
121 217 218
5 215 297
63 114 175
48 169 316
81 251
55 238
204 257 268
121 162 191
190 220
9 144
59 183 200
70 102 130
214 310
47 113
242 292
123 244 276
11 111 112
14 42
34 280
74 79
169 186
144 165 300
158 204
37 76
280 284 297
107 113
100 126
207 293
170 173
158 201 204
291 298
211 249
247 252
116 131
72 183 195
17 111 217 218
193 252
151 158
35 166
193 195 273
297 302
144 264
49 71
3 46
172 176 187
122 123
214 325
68 167
95 282
86 122 265
144 173
28 236 276
30 160
134 224
165 275
199 281
127 130
30 175 181
206 255
121 243
10 291
20 21 24
7 69
112 248
8 280 292
71 206 252
100 129
213 243
10 171
16 285
134 246 311
171 272 304
81 276
171 267 304
16 115
84 128
244 246 285
135 141 143
183 230
40 113
11 223
204 299
79 107
88 280
10 238
122 134
132 271
246 260
71 252
106 237
78 185
174 180 205
34 146 243 284
18 280
140 201 257
135 271
148 269
0 79
78 219
143 144 165 268
164 225
121 162 180
41 85
79 101
27 28 75
46 79
225 292
7 47 107
130 278 317
59 301
50 66
63 236
88 216
1 79
97 170
20 26 108
36 69 174
36 147
148 152
48 200
122 134 283
160 208
137 178
36 160
59 313
147 305
91 115
6 84 100
50 145
202 203 255
29 185
206 212 222
7 91 107
62 124
8 9 10
54 231
72 319
190 323
126 162 301
16 60 64
31 106 114
10 121 234
76 162
179 183
21 98
261 302
8 111
271 275
143 144 268
20 152
204 315
59 170 179
146 147 296
37 63
10 140
300 302 304
48 183 195
109 283
127 278
131 323
110 134 236
202 203 226
59 98 173
119 274
9 10 291
4 19
267 275 304
3 35 36
218 242
54 236
60 85
27 40 75 106
16 261
56 76
148 151 320
191 323
76 77 191
158 167
60 231
257 299
204 300
125 176 187
58 169 316
32 113 116
99 173 273
8 22
132 302
6 40
35 40
98 200
94 167
35 85
61 97
135 280 298
177 185
8 140
5 218
30 131 208
171 204
140 141 300
82 113 115
103 105
264 290
71 154
250 284
29 162
139 291
48 72 195
53 176
16 116
148 188
134 235 276
47 93
264 312
2 93
31 106 113
21 152
9 204
64 181
82 231
10 298
114 116
226 256
144 267 268
106 116
280 300
59 227
151 270
37 120
17 248
8 234 302
79 325
130 183
226 280
206 207 295
226 309
160 178
88 89 133
175 192
100 220
187 200
115 175
139 216
79 317
66 125
79 163
97 98 194
225 228 250
102 257
198 203
196 286
1 127
17 19 104
19 225 248
84 100 113
102 231 311
135 144 271
103 112
160 205 323
28 110 251 276
160 191
111 218 242
267 275 298
43 103
18 258
178 323
48 193
55 285
5 196
105 258
202 233
6 84 93
111 210
10 195
17 297
264 292
180 301
172 319
48 189
59 102
114 205
156 222
110 134
280 298
3 46 100
240 251
244 260 276
88 103 104
218 248
4 103
130 152
48 176
140 204 257 264
119 282
36 115
86 236
34 254
59 71
50 125
11 258
6 65 75 107
101 322
82 121
271 304
290 291
104 148
112 302
78 308
10 257
55 60
72 141
111 162
302 304
61 194
61 176
51 249
65 113
55 87
173 200
55 162
228 265
280 321
263 311
177 301
122 265
69 162
10 60
92 158
25 154 166
9 171
51 158 313
172 195 259 313
81 162 185
146 183 243
217 322
82 126 185
88 225
24 25
71 173
213 293
30 115 175
84 100
277 286
27 31 84
121 276
104 225
177 191
36 113
6 93 121
248 295
1 74 278
40 116
7 100
104 204
179 291
13 123 134
214 280
59 148
135 136 277
135 141
116 172
35 106
77 78 205
8 143 284
198 202
275 289
12 228 248
271 280 304
116 177
40 90 100
85 90 91
165 217
144 165 257
117 161
11 242
257 275
183 188
171 267
6 46
198 307
52 62 124
140 146
5 112
31 84
50 269
29 57 81
100 116
55 134 236 276
38 70
59 127
7 106
143 257
221 305
106 137
145 178
248 250
10 69
213 310
69 204
18 111
70 80 325
125 169 187
51 102
35 54
79 270
139 141
185 220
50 71
135 271 304
267 275
272 279
54 91
48 49 202
21 74 278
145 172
84 96
172 273
177 237
138 177
10 292
263 283
17 299
125 166
40 46 96
214 309
20 26 154
73 270
52 124
215 286
88 133 248
228 294 297
10 117
244 251
60 91
149 304
215 248
144 165 289
134 237
4 228
175 185
134 301
74 114
11 211
13 14 134 311
204 257 279
74 177
174 177
29 97
33 262
180 208
153 249
16 183 197
199 295
149 225
52 108 241
167 269
61 66
160 190
28 183
88 215 305
55 123
204 287 298
60 113
114 175 301
133 292
158 190
13 134
71 72 173
181 263
218 272
76 131 178
14 134
11 17 89
190 205
123 266
182 183
15 107
110 276
271 272 300 304
133 227
79 119
123 185 276
42 227
27 40 46
90 96
48 186 230
73 278
215 280
0 21
111 250
21 278 322
27 114 129
8 227
174 175
87 107 175 177
187 303
28 31 93
242 243
284 297
2 36
204 257
5 305
183 195
73 153
181 191
61 74
141 315
171 315
8 238
81 185
165 291
94 148 186
213 249
69 121
34 284 296
12 133
275 279
48 186 195
12 115
94 304
69 261
32 63
72 186 195
202 254
32 120
195 259
42 100
133 312
13 42 123
26 317
59 66
5 111 215
204 309
135 149
29 131
250 296
149 221
238 301
15 32 64
20 21 26 154
158 166
4 35
41 46 107
139 292
116 125
107 238
2 27 100
277 291
77 113
54 224
165 204
81 265
4 227
27 91 100
6 115
225 301
6 47
81 121
11 111 242
21 108
204 302
123 231
0 317
29 57 220
31 64
286 315
182 188
171 286
77 137
222 247 325
28 63 120
141 289
12 225
13 86 224 265
79 150
109 224 238
86 121
12 17 261
202 214 255
280 293
250 294
242 258
78 288
214 274
214 252
66 186
2 120
25 166
290 300 304
68 269
44 248
5 111
177 178 190
64 115
172 195 259
106 107 190
95 199
90 100
140 171 264
165 171
83 301
122 260
22 145
17 243
226 325
144 280
22 111
97 200
88 141 171
266 276 311
102 322
170 303
268 287
71 193
98 190
99 186
197 235
213 250
30 180
19 217
36 75 107
21 101
181 185
167 211
46 106 110 236
21 74 80
46 71 79
106 169 187
54 260
76 197
2 106
110 235
8 141 315
143 144 165 267
9 267
64 75
76 265
31 60
132 171
86 87 246
63 114
276 301
99 316
76 261
16 60
4 11 104
280 302
57 162 244
37 126
21 140
71 72 193
262 286
5 17
270 322
48 125
55 134 283
126 134
74 121
117 193 259
74 150 278
70 79 193
59 169
27 93
240 245
201 300
140 264
60 113 116
8 10
66 313
59 147
218 228 261
25 70 74
69 129
107 123
51 313
6 36 65
98 99
96 120
40 96
170 182
211 221
251 285
107 177 301
148 151 168
214 226
204 257 287
36 55 134
21 50
125 169 176 187
5 215 221
84 209
150 168
17 71 86
149 206
80 148 166
204 257 291
112 229
152 287
57 81 82
3 64
13 14 311
51 157 269
98 316
143 204
96 113
106 316
85 311
51 119
257 290
163 303
21 127
60 308
48 195
42 185 276
29 57 81 82
99 125 173
115 244
110 121
28 81
102 287 298
27 85 100
178 237
118 157
206 214 325
75 114
19 89 103
5 225 261
36 69 134
107 115
76 162 185
74 90
166 261
71 319
50 51
144 149
150 166
135 279 298 302
243 295
125 172
17 294
88 171
26 241
86 224
22 67
26 270
162 301
82 262
4 12
176 193
199 214
229 242
257 287 302
45 252
48 117 194
57 244
25 148 322
56 57 219
2 31 106
94 319
20 26 322
248 292
82 283
153 170
110 235 276
140 143 264
13 123 126 134
29 81 121
171 201
76 220
320 322
202 207 255
146 296
133 217 218
8 112
58 170
172 316
105 216
15 16 64
25 320
54 235
109 238 260
160 219 220
16 120
244 283
140 141 171
87 265
84 100 106
264 279
9 143
91 120
12 111
277 279
80 102 127
202 214 233
69 126 174
96 116
59 117
290 315
142 222
176 319
82 162
230 270
140 286
169 172
75 116
133 217 242
134 176
187 195
59 170
188 273
71 98 173
112 250
257 271
124 186
59 176
5 104 216
86 245 263
111 215 261
27 40 46 106
175 177 208
83 115
111 215 227
3 37 107
124 316
58 172
143 280
20 101 166 322
24 166 322
206 222
2 65
277 280
53 73
135 306
60 64 114
135 143 271
141 267
71 72
30 178
81 192
21 152 166
268 275
109 238
172 179
25 152
41 134
69 106
21 74 127
50 92
84 100 114 129
93 107 114
56 205
87 237
29 177
21 26 108
4 221
15 69
81 170
216 292
32 36
228 294
69 107
162 178
1 70
13 266
9 280
257 315
10 315
35 138
70 317
158 160
165 286
26 274
143 165
257 284
123 283
108 278
44 104
101 270
55 246
29 220
31 84 114 129
58 72
99 125 316
267 298
20 94
122 263
125 173 194
54 86
141 271 304
137 138
135 279
76 126
76 242
141 268
249 281 309
176 187 201
177 205 208
12 90
226 296
165 298
9 36
54 86 245 285
177 302
72 125 169
94 326
123 324
143 165 284
33 206
317 320
26 70
163 168
18 133
165 257 279
1 2
103 250
224 231 237
257 314
165 267 268
300 312
212 213
158 317
29 174
54 238
260 266
71 212
60 82
13 123 134 174
106 208
104 242
79 102 127
40 93
14 42 93
212 310
20 242
21 151 322
50 316
8 284
71 99 169
231 263
59 271
212 247
144 296
196 248
147 296
173 182
75 126
54 244
284 296
80 150
72 159
244 276
8 149
20 74
94 163
81 110
28 236
291 312
172 195 313
158 164
77 209 219
132 135
144 291
15 106
201 280
151 287
50 52 62
12 77 107
80 163
145 200
46 110
140 144
52 169
126 162 185 301
28 110 276
100 113
59 232
26 124
132 141
151 166
176 183
271 279 304
264 271 280
76 162 178
57 197
162 180
22 313
61 230
118 274
79 127
88 211
89 196 286
272 300 302
206 226
93 113
113 114
40 100 107
140 234 286
16 298
176 187 188
302 309
177 208
79 108
121 162
59 302
8 300
267 286
141 144 165 304
63 129
4 210
5 111 218
38 39
4 88
213 309
206 207 255 262
202 214
212 233 295
8 306
106 247
34 143
86 235 240
251 260
6 129
19 261 297
17 104 216
65 106
79 278
36 63
103 284
227 248
34 147 243
57 76 162 244
231 240 263
86 244
170 230
35 60
90 114 115
60 115 231
31 32
260 311
70 172
52 249
135 302
182 193
10 111
19 227
48 201
81 166
8 299
57 180
50 130
51 94 269
58 194 316
21 73
67 79
17 285
116 129
117 169 195
174 311
107 177 190
86 263
72 172
279 280
4 215 258
16 116 129
30 181 208
98 172
83 197
31 85
8 135 302
246 276
235 240 311
48 72 186
7 257
10 217 218
16 120 224
4 111
204 257 264 287 302
257 291 304
124 241
94 157 168
138 262
93 116
243 250 284
144 304
14 42 134
63 85
157 186
248 295 325
70 151 212
35 37 106
59 72 183
271 287
50 172 195 313
77 78
16 91
223 225
92 154
54 86 231
3 106
198 243
172 194
146 199
19 223
107 128
174 175 208
49 270
3 107 129
47 60
143 165 300
268 315
60 129
14 311
222 262
46 47 114
48 179 230
3 15
49 97
77 160 178
76 134
211 228 242
231 324
48 117 195
87 240
45 227
52 200
132 299
1 21 320
36 83
61 62
132 144
21 172
146 253
133 149 258
11 88 105
109 236
153 156
201 267 275
36 91
174 227
55 263
71 94
44 258 261
281 310
5 12
64 173
102 291
1 21
204 284
192 205
57 131 220
30 305
50 195 259
52 74 274
121 262
99 188
148 270
134 246
110 134 276
169 187 188
1 24
12 217
98 173
41 46 47
48 206
99 125 173 316
5 103
204 286
188 316
30 205 208
15 60 115
147 252
271 284 304
28 60 85
94 274
37 113
8 111 227
31 60 63
58 59
52 58 62
76 297
4 305
78 131
124 187
176 273
234 311
229 261
140 143
75 84 93
44 133
145 153
263 265
13 240
78 174
25 278
59 292
54 55
202 253 325
141 275
31 32 113
235 311
34 226
21 94 148
167 213
27 40 107
111 271 304
43 242
4 89 105
52 117
279 290
23 313
213 255
2 3
97 98 173
231 244
107 174
54 86 87 285
118 269
72 79
25 73 74
41 75
72 202
103 201 292
30 115 301
81 109 244 260
54 71 86
133 302
57 76 177
25 148 151
12 104 225
226 252
117 316
213 281 310
132 264 287
57 126 301
46 301
184 193
146 250 284
124 231
133 229
31 32 60
169 176
6 41
130 154
144 267 275
199 206
4 17 88
60 116
20 158
152 270
195 234
88 218
20 21 166
149 291
75 96
108 154
97 183 319
279 280 292
71 166
76 219
31 32 114
81 262
19 261
59 124 125
3 114
102 182
8 276
147 202 214
71 207
204 268
146 158 284
177 178 180
71 145
8 10 302
90 177
176 179
57 131
5 88 111
112 242
202 256
31 93
40 180
4 111 215
130 226
147 307
178 190
183 201
36 93
159 267
52 99
141 280 292
204 296
10 143
134 291
158 253
206 214 253
31 113
15 126
201 268 287
28 251 276
139 300
12 88
261 305
65 178
255 275
286 299
235 245
35 37 115
66 189
240 265
206 253
292 295
101 151
244 246
99 125 173 176
149 289
23 161 168
173 195
4 105 196
19 77
275 321
52 62
163 326
134 160
63 113 114
70 170
106 246
141 267 280
0 270
222 253 295
5 221 248
140 201 264
130 199 226
139 165
265 301
0 142
93 100 106
8 264 298
170 193
168 172
91 126
206 211
8 291
73 74
140 268
160 320
23 117
206 295 325
110 134 185
24 130
14 246 265
55 82 123
64 146
31 114 129
49 58 183
74 148 150
72 170 195
59 97 172
136 277
0 1 130
25 32
217 218
32 60 231
177 197
8 132 257
279 321
267 279
27 31 84 114
26 148
24 152 166
117 176
201 290 299
8 287
144 204
76 77 78
48 222
241 262
162 182
25 151
268 291
71 94 148
8 280
26 154
197 235 240
36 76
16 126
41 178
86 123
75 90
138 158
106 114
60 64 69
72 159 169
170 187
211 229
132 275
61 173
56 83 160
122 276
153 320
71 80 193
7 91
40 75 106
44 59
17 111 217
254 256
5 111 215 297
275 284
70 71 79 80
135 297
41 84
100 114 129
180 232
7 47
25 74 150
10 22
169 183
4 242
289 302
99 172 316
19 217 218 225
141 171
82 276
168 194
91 129
23 161 167
161 313
123 185
121 231
74 151
111 215
106 120
62 316
86 134 285
123 311
3 91 115
157 167
15 69 126
2 3 93
206 253 295
106 177
71 214
36 69 93
247 296
268 290
90 106
131 190
77 169
88 221
116 120 129
8 268
48 58 194
39 70
55 109 134
88 218 258
290 292
287 300
74 179
42 55 134
48 49 270
71 206 255
27 40 100
27 75 91
34 145
160 262
193 316
106 107 301
143 264 271
97 176 187
52 195
198 206 255
55 266
83 138
294 297
90 178
13 231
183 186 195
80 166
170 273
56 138
233 281
218 258
168 236
24 287
38 39 70
205 208 301
290 312
17 112 216
97 169
104 105
198 206 255 295
141 292 304
241 325
126 317
8 271
102 270
264 291
125 169 172
104 218
183 200
86 224 285
44 221
217 304
17 146
35 90
174 185
247 286
71 79 80 325
29 235
89 196
72 172 195
29 138
62 194
19 216
302 310
300 304 321
3 7 41
138 221
219 288
72 99
76 77 162
268 287 298
102 108
17 215
182 226
20 130
74 102
34 89
50 52
17 43
8 24
138 308
29 57 185 192
59 242
6 75 107
90 100 114
28 75 90
16 41 46
263 316
81 87
77 185
227 247
237 263
12 19
112 292
27 128
222 233
44 215
72 98
132 286
90 114
77 220 308
148 230
110 245
165 267 268 275
258 305
88 250
149 271
8 298
34 213
164 326
27 46 106
206 248 295
301 325
142 154
46 79 110
0 154
140 312
7 47 69
141 286 304
214 286
169 176 187
41 46
100 162
73 151
158 232
129 263
202 206 214 253
19 248 258
44 92
95 158
242 248
143 204 292
166 276
48 255
55 308
133 191
157 168
202 206
250 255
119 156
217 234
71 102
269 282
9 10 132
65 75 107
33 241
30 308
20 166 168
63 113 115
287 292
290 302
27 28
111 112
289 292
150 274
57 148
161 282
126 162
151 212
76 308
7 96
163 164
93 131
62 97 188
40 91 100
174 192
79 102
81 126
44 297
107 125
149 292
235 240 263
72 195
52 59
234 268 302
236 276
6 7
77 180
144 287
173 183
140 204 302
129 301
60 113 120
76 160 162
10 171 292
155 200
93 178
217 261
20 21 108
252 293
201 284
201 290 291
133 225
25 152 166
135 277
121 238
96 110
183 204
12 295
76 176
111 217 218
50 302
144 257 279
8 132
94 95
111 225
262 295
174 260 301
12 17 258 261
122 240
259 313
217 258
84 100 114
141 277
121 188
87 107
31 69
97 158
84 285
3 7 107
15 32
4 5 124
147 247
95 195
136 300
81 283
17 18 19
6 84
178 185
135 143 201
57 138
81 311
198 222
37 69
30 175 177 181
66 274
144 289
28 84
93 106
176 270
8 272
37 60
117 188
102 127
180 220
193 194
37 160
62 117
227 298
0 278
102 119
86 246 265
215 221
32 126
175 205 208
39 48
163 167
15 16 114
3 116
172 259 313
268 298
63 86
59 61
216 225
121 191
99 169
98 125 173
60 208
201 284 299
152 322
177 181
154 274
17 149
61 72
159 168
44 88
83 162
67 145
98 161
63 74
54 87 285
110 236 276
132 297
130 278
141 271
50 200
271 298
119 195
80 325
212 222 325
30 93
147 284
227 242
109 224 240
64 107
198 212 222
29 121
171 272
76 180
56 162 174
11 149
120 236
24 101
99 125 169
25 71
105 305
109 235
4 89 196
18 89
48 72 117
158 197
145 159
125 187
111 315
52 230
12 17 19
97 169 319
84 129
17 19 242
59 99
50 259
27 100
271 300 304
22 23
67 156 222
59 184
133 242
21 39 70 166
182 194
40 90 106
80 148 151
76 181
165 272
165 204 298
175 178 208
212 233
70 101
10 135
55 240
138 190
201 292
137 147
206 254 255
131 162
231 265
57 220
10 290
35 113
35 124
176 186 316
21 38
7 36 69
57 91
250 261
8 201 286 291
29 160
146 243
118 155
272 300 304
147 160
126 162 185
89 225
54 134
257 286
110 246
138 190 197
135 204
15 60
21 166 270
9 264
138 197 240
217 289
139 201 287
141 280
198 295
114 151
213 262 295
123 237
149 297
83 131
243 293
86 285
117 194
233 247
140 234
281 309 310
81 187
88 196
35 37 180
180 198
24 142
12 106 107
231 311
173 179
8 132 275
62 74
74 252
210 225
216 286
84 91
155 161
135 141 304
180 192
154 270
244 263
90 129
202 253
20 21 186
118 182
279 289
83 177
201 204 290
168 274
117 169
33 249
17 44
63 113 120
58 97 194
104 149
168 278
55 160
70 127
55 276
87 238
11 221 248
8 204
33 207
132 257 287 302
22 282
207 262
141 165
13 276
2 37
216 248
19 238
111 297
140 171 264 286
158 198 201
8 284 312
143 165 268
82 185 276
216 280 297
94 186
104 111
8 98
221 262
72 170
42 246
28 75 84
140 204 264
19 133
267 271
0 320
17 210
10 171 280
151 213
182 184
133 248
44 223
60 168
217 218 225
99 125 176
48 167
3 85 114 120
140 286 291
271 277
88 215 227
216 280 304
50 155
93 126 185
219 311
31 32 231
4 149
72 159 195
51 61 230
59 74
51 68
144 165 304
16 121
26 258
30 106 131
60 311
271 272 284
10 217
204 314
145 158
43 228
171 286 300
25 38 92
71 255
230 271
93 96 107
56 123
160 162
17 302
107 177 205
124 193
81 121 134 283
59 124
10 160
171 279
35 264
12 133 258
11 250
12 221 258
106 110 236
71 99
117 259
50 168
291 299
199 222
38 270
17 250
253 293
8 239
57 76 162
20 153
22 119
163 193 303
38 210
54 97
71 278
133 135
132 298
83 107
14 86
34 310
137 138 220
106 107 176
48 204
290 300
29 175
74 150
298 312
20 166
289 298
85 114
99 195
48 319
79 130
102 188
74 262
42 244
118 163
55 81
36 129
195 204
58 169
12 17 111
70 71 80
225 242
10 279
255 310
27 114
8 275
99 176 316
169 319
122 191
49 59
4 112 258
224 244
133 228 242
231 285
57 160 219
20 68
6 40 65
287 302
225 289
158 198 320
210 286
94 145
191 237
206 255 295
217 223
72 179
204 279 298
151 163
5 88 217
32 63 64
103 275 292
231 260
243 296
21 48 186
91 93
25 222
0 102
172 173
65 114
234 312
57 76
74 320
119 313
32 121
62 179
109 260
26 278
139 143
233 255
50 51 313
92 269
60 263
177 208 301
238 265
235 263
0 1 170
44 138
60 63
26 188
11 196
158 183 198
241 254
58 125 176
35 69
228 242 258
174 205
13 82 174
9 132
125 316
134 231
27 32
40 85
71 72 170
141 204 286
214 252 254
71 212 325
66 200
284 291 300
37 106
94 157 167
6 32
21 26 317
201 290
214 293
30 77
151 182
279 312
198 310
147 243
6 126
206 223
93 129
48 303
208 323
249 254
20 21 152 154
60 93
156 195
69 93
147 262
8 165
16 177
16 36
225 228
236 244 276
29 76 137
12 103 258
16 115 116
76 192
83 175
114 201
35 129
186 187
280 291
13 265
146 243 250
19 103 104
12 77 106 107
227 305
170 319
5 198
50 51 269
141 166
59 192
45 210
97 172
227 229
47 129
102 166
160 180
37 286
135 315
117 173
101 112
50 280
56 76 77
22 156
133 211 228
271 306
242 271
160 175
11 228
78 100 219
72 193
88 133 242
183 184
2 35
94 158 269
102 151
291 300 304
169 173 316
7 37
279 290 291
11 261
57 192
193 230
116 249
257 264 287 302
21 74 92
231 266
179 274
48 172
145 189
59 101
66 195
79 148
157 274
217 218 242
56 83 160 190
263 285
99 106 169
103 217
121 283
16 174
246 295
317 322
101 166
177 205
137 301
15 165
10 135 271
32 93
152 278 317
112 215
65 111
8 279 302
268 286
6 65 96
125 179
143 171
313 319
57 220 301
48 99 117
97 125 172
249 281
74 167
222 274
10 204
121 251
301 323
149 234
133 218
16 129
35 144
202 206 214
105 149
12 215
6 41 46
36 174
47 84
26 166
144 165 171
144 250 284
100 315
93 102 107
157 282
17 71 245
114 116 120
202 213
31 107
156 157
7 40
4 112 133
228 242 248
59 259
271 289
74 124
30 178 208
104 296
26 102
13 123
64 113 126
257 302
138 258
162 308
88 112 133
191 192
164 193
111 271 300 304
112 215 305
195 319
236 237
17 225
238 244
==1==
147 307
111 133 217
72 195
26 320
6 40 65
48 176 187
269 313
57 77
70 262
33 222
280 287
42 265
28 114
135 136 277
127 322
18 248
4 89 133
222 262
57 76 177
133 218 297
61 74 124
12 242
202 203
35 113
279 300
73 74 148
94 319
121 231 235
50 51 269
72 98
31 55
9 69
10 143
163 318
151 163
12 225 258
102 270
181 232
21 48
257 264 287 302
20 154 166
58 316
233 293
243 250 284
107 174
52 62
78 185
57 162 244
2 37
55 160
172 187
165 290
21 273
161 244
134 244 311
119 249
21 151 322
198 232
89 212
71 72 173
12 17 261
60 113
171 286
42 55 134
21 70 101
140 312
88 141
48 179
27 31 114 115
54 71 245
112 227 305
178 239
50 269
198 206
56 301
35 120
27 31 75
28 64
1 148
106 172
42 227
41 46 120
50 159
130 158
70 79 193
279 298
37 126
8 10 204
45 133
59 102
63 64 129
267 286
210 225
20 21 26
278 322
64 224
107 126
72 266
123 265
63 114 115
30 175 181 208
51 102
89 325
178 265
48 116
8 111 112
143 204
98 195
267 268 275
69 76 126
155 200
141 177 286
140 171 304
92 148
50 92
214 252 254
82 231
187 303
2 41
183 193
38 153
8 10 264
20 317 322
115 244
39 162
10 291
270 317
87 224
140 271 304
160 178
286 300
80 127
135 136 280
143 302
143 144 268 284
17 227
156 158
221 225 261
97 173 316
4 12
183 213
144 298
244 245
86 87 285
153 249
48 183 195
21 72
97 176
24 101 102
55 263
148 157 269
82 115
217 289
35 36
42 55
38 92
40 120
77 177
20 21 186
30 175
141 171 272
235 240
10 121 234
33 262
50 214
140 254
162 204
183 316
42 170
4 17
214 247
97 99
10 112
95 155
103 275 292
226 310
6 7
106 107
110 134 185
125 177
300 309
75 84 91
54 87
171 201 204 264
123 134 185
50 172 195
88 103 104
100 129
17 18
204 234 257
133 218 242
25 32
173 183
107 162
228 297
222 253 255
38 154
138 178
4 89 196
286 290
178 219
170 187
140 271
30 115 177 301
51 61 66 230
14 77
74 317
4 261
54 86 224 285
109 263
5 202
179 186 230
5 103 112
44 270
233 282
143 144 275 284
112 215
223 225
121 238
215 229
28 110 251 276
265 311
12 261
5 88 111
211 294
69 132
160 308
17 104
47 120
41 178
290 302
157 161
135 267
25 222
71 197
193 303
278 320
93 128
160 178 190
59 170
226 325
279 300 304
175 205
143 275
7 65 107
141 306
132 298
17 88
212 255
32 64 115
4 215 258
91 106 178
19 229
248 250
97 172 316
10 195
139 279
65 93
144 300
136 143
124 130
60 93 113
254 295
243 256
135 144 271
15 219
77 78 220
10 143 201
1 270
24 25
87 134
56 160
41 126
87 107
36 69 134
141 300 312
149 280
86 87 245
8 74
181 301
147 284
64 263 311
86 251
15 16 126
43 218
28 85 114
254 325
251 260
26 71
104 223
44 133
121 237
17 138
60 114
57 205 301
17 19 149
76 197
21 154 317
46 70 166
70 80 152
147 253
43 44 45
70 79 166
33 241
7 27
35 37
50 261
206 207 295
91 120
59 259
139 257
3 47 84
82 162
26 38
75 123
57 185
35 40
106 110 236
98 193
17 302
230 249
72 125
35 60
129 263
202 206
104 297
74 273
32 63
64 113
48 303
223 280
27 46
157 163 269
87 244 246 285
134 244
183 201
97 106 316
177 286
103 104
82 263
19 225 248
56 83 301
31 113 114
38 71
76 174 180
42 276
25 101
240 251
102 287 298
111 229
25 74 127
154 278
103 267
66 274
3 96
108 152
121 126
99 173 182
72 169 195
72 200
30 78
20 166 168
27 47
60 126
204 257 264 302
50 262
70 206
24 74
27 28 31
54 134 224
170 303
222 281
3 85 114 120
76 265
136 291
169 292
112 227
215 248
109 236
76 129
166 322
228 292
171 257
64 113 115
42 122
94 326
140 286 312
246 260
206 255
29 76
140 143 271
144 165 267 268
137 138 160
88 111 216
3 116 129
248 294
153 222
111 112 248
21 38
178 181
88 112 297
71 80 168
83 177
27 90 100
102 230
28 85 100
11 229
300 304 321
81 283
143 234 291
126 185
202 214 226
196 218
17 223
248 258
3 116
202 309
23 251
60 85
88 215 227
43 297
204 286
85 114
158 198 320
286 287
85 120
160 181
34 247 254
30 115 177
160 197
7 91 115
5 217
117 162
251 263
94 313
70 193
97 125
23 172
4 112 133 258
57 148
105 258
54 86 87 285
35 106
180 308
1 108
106 247
62 200
104 242 297
8 121
24 102
1 2
66 189
35 114
1 278
11 215
140 300 306
171 201 204
226 280
215 217
83 129
57 77 131
55 246
38 166
60 90
95 326
264 275
64 126
74 166
171 201 204 257
6 41 46
126 317
88 141 267 280
86 93
198 320
48 186 195
76 160
50 168
129 301
154 274
172 195
236 244 276
131 323
104 296
3 106
1 20
63 74
162 205
15 28 85
78 121
217 262
78 131
59 119
15 60 64
15 16 60
113 120
51 94 269
71 206
74 148 154
37 106
77 160 178
179 183
66 319
5 221
1 151
106 115
71 79 80 325
94 148
45 294
255 314
247 249
185 212
89 210
140 141 300
67 155
72 117 195
85 100
55 56
77 301
20 166
30 175 181
71 255
86 134 285
203 207
30 192
24 287
54 121 134
46 93
27 75
74 173 273
6 93 121
134 185 244
54 235
118 313
57 76 174
51 270
18 133
110 285
175 177 205 208
139 204 257
26 124
235 240 263
54 106
37 120
53 230
74 153
144 165 275
101 112
57 180
7 41 96
117 124
280 292 295
42 283
50 59
110 240
195 273
57 197
254 281
98 99
151 212
66 67 230
225 284
233 295
60 244
171 272 304
106 224
167 186
107 123 231
131 197
284 325
134 238 276
142 154
0 151
178 197
121 262
178 185
59 173 194
174 180
175 205 208
123 231
81 170
147 247
215 228
141 286 304
5 17
77 78 191
140 143 264
102 251
31 84 114
168 236
27 28 40 75
4 103 111
204 309
23 51
21 322
55 235 276
97 182
99 106 169
32 40
87 235
237 246
123 324
44 305
6 121
268 271 272
39 166
20 79
28 36
17 295
121 244
71 80 325
156 326
39 71 166
266 276 311
27 31 129
55 266
138 197 240
81 266
31 84 100
144 309
9 271
147 253 293
214 255
19 238
176 179
90 114 115
124 198
149 272
259 318
8 143
86 245 246
37 64
216 218
275 279 304
31 113
183 184
72 183
28 75
29 174
20 102
77 185
50 155
171 267 304
104 216
165 287
19 225
8 315
74 127
148 155
59 213
219 232
161 313
76 162 191
55 57
65 91 107
20 21 24
202 226
3 30
116 126
234 291
76 160 162
227 234
9 36 132
242 271
111 112 215
8 141 304
292 297
103 228
12 90
144 165 298
63 65
29 185
206 253
88 111 215
103 104 242
37 116
170 183 188
144 264
131 232
213 249
18 88
201 204 290
141 286 306
151 320
42 134 185
5 138 320
109 231 235 263
279 289
23 67
109 285
12 104
3 27 107
202 222
137 261
132 275
271 272 304
87 245
204 297
12 17 297
160 305
8 9 275
64 114 115
204 298 302
180 232 286
146 183
50 94 269
82 246
75 203
8 284 312
30 106 131
91 208
51 107
79 154
28 126
33 255
30 115 301
42 134 311
62 319
166 168 322
3 36
195 274
169 176 186
28 236
71 154 166
143 165 300
112 215 305
169 188
118 119 274
7 46 96
8 280 292
204 257 271
171 287
193 194
219 224
135 275
103 148
62 150
54 106 285
74 150
183 195
75 85 100
1 74
88 228
74 150 154
54 97
236 276
8 280 302
17 305
106 176 187
55 224 285
55 82
162 301
29 185 192
218 228
149 216 297
5 17 218
76 126 162 244
165 268
58 97 172
280 290
98 179
29 56 174
40 302
66 156
31 60 63
107 121
176 319
19 89
144 271 280
222 295
218 289
228 294 297
74 322
10 141
32 36
215 258
34 214
177 232
103 267 292
286 291 300
176 266
24 148 166
8 11
135 143 304
44 59
131 177
140 204
290 299 304
70 71 80
158 268
52 173
76 181
50 230
212 233
25 73 74
104 105
13 82
65 84 128
292 304
64 131
50 169
40 116
17 19 112
104 242
272 286
58 176
264 290
96 126
29 76 162
86 276
80 148
76 92
56 57 126
11 111 112
27 236
149 234
31 228
5 111
39 70
81 121 134
32 69
244 260 266 276
105 242
99 315
119 156
267 318
66 68
12 248
57 131
280 292
280 289
141 299
55 162
48 170 186
6 126
48 270
16 116
3 46 84
222 323
170 234
309 310
16 236
279 312
207 254
16 91
97 125 172
40 75 91
13 134
75 113
302 310
280 291
35 232
5 12
50 62
52 193
271 312
126 162 174
141 320
157 161 167
83 160
134 190
8 10
57 276
110 265
257 315
149 297
120 178
83 209
15 85
284 287
85 260
6 41
121 162 180
10 264
161 187
253 254
19 45
84 114
146 233
21 121
50 172 313
132 264
51 200
183 188 195
296 325
36 120
22 66
172 313
254 271
73 74 168
61 188
125 316
37 180
40 90 106
117 193
1 166
21 152 166
233 252
207 253 295
46 79 107
84 265
292 298
50 52 124
59 125
176 187 188
17 215
8 9 10
30 177 265
263 266
59 183 195 200
144 204 268 286
130 278 317
148 293
8 186
106 258 305
51 92 269
59 147
51 183
69 113
272 284
158 269
133 217 218 297
10 69
133 242
62 125
0 26
185 190
8 144
94 148 157 186
48 170
99 125
122 265 283
158 317
27 36 84
93 106
188 319
130 186
1 70
20 21 70
271 289
104 149
30 177 301
170 219
34 280
27 28 85
65 100
238 265
30 162 191
140 298
169 173 195
90 100
12 17 258 261
225 227
199 281
0 1
109 235
93 115
137 138 197
211 217
97 173
28 31 100
100 126
4 5 111
216 227
86 134
149 275
4 225
21 50 172
147 305
137 220
264 299
44 250
111 302
80 168
244 260 266
6 65 75 107
45 211
204 279 298
86 237
251 265
75 200
52 74
93 178
2 35
51 66 230
117 170
298 315
81 185 301
21 80 127
219 301
170 172
234 311
188 195
214 293
247 296
132 271
17 59
246 276
59 170 179 183
83 137
166 168
54 116
81 121 283
17 248
231 240
70 71 325
48 124 179 186
111 297
35 144
10 35 37
144 296
236 240
166 170
88 141 171 267
190 301
28 183
72 182
25 148 151
135 271 284
280 315
0 1 21 170
59 183 200
136 272
101 102
249 254
80 173
65 91
249 310
36 63
117 226
177 181
72 183 195
27 114 115
12 258
149 257
40 107
16 261
46 166
198 295
101 127
169 176 316
26 157
12 107 258
62 97
269 282
97 117
56 77 174
206 254 255
256 296
82 106
60 96 107
133 217 242 297
59 99 173
73 154
66 241
73 166
139 143
77 100 209
56 208
213 256
48 72 186
71 194
198 325
3 7
111 294
198 255 295
143 144
242 297
201 291 299
244 260
24 317
211 228
93 96
78 100
22 155
222 247 325
101 320
24 101 166
89 286
58 169 316
46 79 110 236
31 32
29 81
175 177
71 313
6 75
119 130
3 47 96
19 258
100 209 219
150 154
216 242
70 278
106 187
20 21 26 322
214 233
218 223 242
5 225 297
115 175
65 160
9 132 280
99 287
15 60
169 187
155 282
25 38 92
170 183 198
298 299
202 325
35 63
16 165
102 182 188
90 106
42 309
118 145
54 260 285
101 130
35 37 180
61 319
86 123
48 97
33 226
48 262
96 106
132 299
17 258
16 54
111 284
41 75 106
106 125 169
71 99 169
47 106
176 273
114 116
16 28 126
74 101 108
141 171 312
76 182
196 248
88 133
73 80
263 265
79 317
121 246
137 138 190
176 291
119 145
3 85
4 228
204 322
214 321
83 174
80 102 127
71 79
214 274
5 88 133 229
116 289
183 204
180 191 308
86 224 265
60 113 114
183 243
34 213 310
193 316
253 293
42 244
87 198
48 200
80 270
28 251 276
59 156
59 112
43 89
207 295
162 223
124 241
15 16 75
140 171 298
12 88
85 90
82 126 162 185
146 262 296
81 82 126 185
268 321
144 268 304
70 130
158 164
147 295
153 155
47 113
57 76 162 244
81 236
172 194
55 106
6 96
55 123
74 225
0 154
125 319
60 65
107 238 260
202 206 214 253
155 168
97 98 200
58 59
180 220
235 260
265 276
164 313
99 182
70 101 166
31 32 60 113
84 120
82 311
34 147 243
284 296
179 186
27 28 75 84 91
180 192
216 289 297
191 283
30 209
78 308
50 161
7 46 47
36 106
144 165 302
59 97 172
25 71
70 108 166
7 114
58 59 124
59 157
13 185
217 242
125 169 176 187
24 270 317
106 245
16 35 75
95 195
244 283
170 320
24 322
87 231 260
94 304
8 264 298
13 134 185
64 311
74 320
103 267 275
51 92 94 269
10 11
66 108
119 282
108 166
30 177 180
169 176 187
17 261
26 148
174 191
21 108
59 118
51 313
241 252
81 126
36 55 134
208 229
10 290
63 96
257 268
101 152
57 205 208 301
111 272
122 266
73 74
60 115
88 225 242
223 242 258
271 290
41 91
122 187
59 179 183
63 69
24 25 92
302 315
103 217
84 90 100
57 138
231 265
40 126
72 99 176
86 246 263
86 122
40 315
135 291
9 284
51 168
153 320
10 282
235 283
59 192
57 81 192
54 86
50 172
275 287 298
74 148 150
13 123 126
158 168
202 207 262
71 98 173
149 221
89 312
38 210
99 117
10 165
41 46 106
21 150 166
88 141 280
34 226
126 301
271 310
107 123
56 57 160
58 169 187
99 172
21 71 94
31 160 190
56 162 175
83 92
76 175
81 224
212 233 295
25 101 166
48 259
7 41 46 90
139 144
162 185 276
5 305
32 114 115
204 304
54 59
58 125 176
165 171
142 262
231 260
40 69
8 304
106 305
190 232
125 166
113 128
145 178
87 238
193 319
88 140
160 185
167 274
48 125
63 114 301
94 158 274
15 16 115
129 134
81 110 134
16 110
149 217
70 71
187 195
156 286
59 151
77 270
93 160
15 114
137 219
121 218
122 134
52 264
146 243
132 234
11 88 103
5 177
51 156
34 296
76 162 178
12 305
196 312
149 206
36 126
79 163
240 263
135 140
12 77 107
119 168
92 183
27 60 114
216 304
56 77 78
175 177 208
201 275
212 214 325
48 117
235 311
4 18
62 97 172
21 71
17 45
110 121
59 99
65 84 107
109 235 240
158 243 296
27 60
4 17 112
19 59
171 204 264 298
117 194
63 116
204 264 298
144 146 165
25 154 166
268 287 298
111 304
144 250 284
52 61
135 279 298 302
27 40 75 84
30 57 208
80 166
21 152 154
31 32 63 114
102 291
50 119
133 228 242
8 132 275
139 268
100 209 220
167 269
81 82 162 185
22 125 176
10 257 287
297 316
162 192
172 316
32 63 64 114
135 279
41 46 84
140 171 204 264
77 137
4 112 215
160 320
77 174 180
36 190
23 145
9 143
165 322
106 237
125 176 315
83 185
143 165 272
74 151
101 130 166
171 313
264 272
264 291
22 230
268 300
91 93
9 10 132
30 308
290 300 304
7 41 46
40 41 75
149 206 292
13 86 224 265
50 179
35 100
20 322
9 204
16 84
81 192
117 176
2 3 93
101 278
83 115
165 267
67 157 168
59 130
14 55
154 260
60 113 115 116
267 275
313 319
201 292
50 99
53 59
129 177
88 133 227
48 49 58
50 51 313
31 114 129
81 185
12 91
130 148
80 101 270
16 36
110 185
149 279 286
71 212 325
199 309
231 266
255 262
76 174
263 276
134 265
162 323
12 221
87 121
142 320
12 87
173 184
277 300
58 170 187
111 215 227
135 304
21 172 195
34 250 284
77 192
185 301
97 194
183 243 296
281 309 310
70 92
225 228 294
71 172
7 64
52 125
34 255
35 37 120
177 208 301
80 152
10 268
28 75 84
80 320
24 152 270
40 41 91 106
31 210
32 113 115
146 198
36 132
272 291
17 111 217 218
100 178
27 85 100
221 225 258
99 169 173
44 221
6 65 96
213 293
123 283
59 61 182
64 107 113
290 291
41 296
141 256
57 162 185
227 294
89 105
186 187
199 325
176 230
106 220
29 220
62 97 194
59 170 179
165 204 257
170 246
201 280
124 188
55 134 244
83 113
8 111
298 300
59 164
162 308
28 84
125 176 316
162 180
132 216 280
55 134 283
94 274
206 223
42 77
118 172
238 260
3 107 114
147 202 214
117 195
177 205 208
133 149 258
55 109 134
31 32 115
224 263
22 23
62 70
134 245
143 201
31 115
2 27 100
97 183 319
45 252
76 131
60 64 69
44 297
143 271
62 145 200
50 244
284 295
23 95
221 305
107 212
79 193
155 201
59 187
66 67 95
43 103
147 183
157 158
46 84 107
54 86 285
75 84 93
151 322
16 17
6 46
30 175 205
106 173 187
130 154
54 93 107
139 286
158 190
66 158
72 172 195
8 19
131 178
95 161
99 107 125
59 302
42 260
0 1 21
40 47 75
54 245
139 141
148 317
81 166
8 24
51 249
59 173 183
126 162 185 301
222 248
71 93
40 65
36 57
144 267
160 219 220
125 169 173
7 60 69
93 102 107
112 215 227 305
241 325
21 101 154
8 227
71 187
54 93
154 318
144 165 268 275
36 84
272 279
177 301
95 274
171 264 280
206 233
228 229
58 173
111 210
45 217
5 133 217
71 303
12 102
290 315
29 276
73 108
257 291
202 207 255
238 244
95 282
7 69
13 257
74 114
154 270
111 261
89 227
144 297
206 212 222
86 266
113 116
302 309
32 47
77 78 177
4 89
104 228 248
72 169 172
13 126
20 21 94
287 302
282 313
135 280
130 193
102 195
3 35 36
40 91 100
50 52 62
268 302
27 84 100
172 183
11 201
133 217 242
112 215 227
35 41
297 305
50 74
12 19
62 97 173
112 251
4 166
237 245
267 298
15 60 120
56 83 160
97 319
98 316
57 174
140 277
48 99 117
132 141
71 193
27 40 75 91
98 173
274 282
94 186
60 107 113
97 257
8 267
72 169 176
158 201
111 217 218 242
133 248 258
4 111 196
42 131
140 146
58 170 183
175 177 208 301
58 303
121 191
7 28
241 254
30 305
32 116
56 162 174
64 92
54 110 134
16 299
116 120
7 65
65 248
211 221
250 284
79 152
151 293
255 311
12 103 221
13 122
16 97
174 175
204 257
213 222
267 292
275 298
10 305
277 304
271 298
77 162
17 155
82 126 185
0 21 170 320
125 173
18 280
204 257 291
9 140
206 295
17 225
145 189
135 292 302
143 299
8 9 315
290 299
112 248
138 158
77 134
179 184
83 138 197
92 248
170 173
45 248
61 176
144 165 201 268
122 265
75 91 106
141 204 268 286
88 112
10 201
157 274
6 65 75
10 171
250 294
16 75 120
216 301
207 214 255
103 216
225 301
3 47 114
17 146
125 317
213 262
79 102 127
169 173
70 74 151
23 161 167
20 158
185 276
7 35
14 42 311
140 171 292
108 270
76 126
0 1 130
131 174
143 165 275
141 242 280
30 175 208
206 214 253
36 69
30 178 208
24 102 166
244 266
280 319
140 286 304
4 88 105
65 129
60 311
103 104 295
16 235
199 247
104 228
70 127
32 113
111 227
107 258
27 90
86 106
50 157
144 165 271
4 312
98 125
134 224 285
125 195 316
106 107 125 176
231 235 240 311
44 104
144 173
42 82
32 60 63
267 287
84 96
170 230
57 131 162
131 208
77 78 131
104 111
3 46 93
202 207
236 251
144 165 303 322
260 265
194 202
134 263
102 127
204 302
217 297
233 247
178 260
27 32
215 218
271 315
267 275 279
87 237
63 85
15 77
59 186 273 319
32 60
56 83 205
156 222
88 103
58 71
51 157 269
57 209
70 71 80 193
147 243
42 107
135 306
171 292
8 238
81 162 185 276
116 120 129
8 10 111
111 250 297
98 148
0 80
141 300
86 245 263
88 280
22 106 125
231 240 311
261 305
256 302
40 46
71 72 170
60 107
257 302
206 295 325
34 147 296
31 92
10 50
8 290
42 185
300 304
141 291
17 218
32 93
202 293
204 234
61 118
64 75
60 104
74 179
10 149
59 273
144 257
124 177
81 265
224 251
69 126
46 79 110
83 266
66 200
24 92
78 162
2 91
72 125 169
56 57 83
37 47
161 167
76 107
149 216 292
70 152 166
2 27
235 251
157 186
59 72 183
158 198 232
71 79 151
277 289
169 186
185 266
111 221
54 237
46 47
102 108
147 203
166 278
186 188
140 204 257 264
20 152
65 75 107
105 215
14 55 265
261 289
82 276
37 285
50 51 118 158
208 322
16 107 175 177
146 206
106 176 316
19 292
141 325
55 236
198 255
101 106
64 100
29 57
125 195
97 99 200
97 106
141 312
71 148
31 106
20 21 322
71 273
271 287
54 260
130 226
49 71
226 255
29 174 185
16 78
184 195
113 129
9 315
50 130 158
201 234
50 158 313
47 93
27 40 75 84 90
76 126 162
110 236
40 84 91
290 291 304
7 75
40 93
99 194
201 284 299
76 106
57 85
51 92
59 61 97
225 228 289
34 146 284
204 275
14 42 93
102 147
31 32 75
201 284
47 75
178 180
267 271
31 69
88 215
134 160
141 292 304
117 125 193
206 248
26 73
120 129
71 278
231 235 240 263
98 172
201 204 257
161 318
117 182 184
3 46 84 107
202 286
77 220 308
102 208
71 72 125
60 91
11 112 196
106 129
53 186
59 98
133 215 242
212 222 255
221 235
61 172
105 221
77 78 219
32 225
171 286 304
0 127
10 22
135 144
69 76
171 286 315
80 101 102
27 126
35 180
3 120
72 316
30 175 301
6 75 106
139 287
22 50
146 325
114 175
167 211
29 81 82
107 177 205
68 94 157
57 77 78
33 281
23 282
36 55
225 302
172 176
214 222 309
3 91
139 284
17 221
212 247
86 109
48 49 186
24 154
56 83 160 190
34 213
27 84
12 258 261
217 218 261
268 272
3 64
11 17
244 246 285
15 16
58 97
19 103
94 148 151
21 278 322
71 325
54 311
264 298
47 69
103 149
68 168
82 301
25 127
264 287
65 75
31 208
86 263 285
4 88 229
217 248
172 182
71 154
89 103
93 107 128
39 320
5 215 297
64 216
52 186
4 12 225
113 126
215 261
58 194 195
58 98
37 76
118 157
54 91
42 123
169 170
151 270
49 169
147 160
213 262 295
140 257
25 151
149 216
8 165
260 276
11 250
115 126
226 293
125 182
66 186
23 117
19 210
144 286 290
182 200
238 246
16 35 126
175 177 301
11 142
81 231
7 257
110 251
268 314
39 108
1 26
19 242
73 270
46 87
48 62 188
8 10 302
10 248
280 297
26 108 322
140 286 300
6 27 84
136 300
54 246
15 60 113
113 114
7 47
50 156
275 312
281 296
114 175 301
121 122
153 156
52 200
88 111
51 195
87 190
73 169
20 73
75 90 91
193 303 322
215 216
84 100 113
55 134 246
195 200
139 228
204 257 287
280 304
88 305
41 91 96
299 304
216 271
82 185 301
30 238
231 235
25 151 322
257 287 302
54 276
141 149
132 312
48 59 183
93 116
92 162
53 179 230
228 250 294
10 257
185 244
76 162 185
111 196
257 284
97 98 124
27 28 84
29 219
36 185
144 267 275
137 147
61 97
290 312
117 193 259
94 148 186
5 104 216
216 268
21 278
34 254
44 215
12 46 116
144 284
257 287
99 188
8 287
95 119
265 301
258 297
19 105
166 320
171 257 264 287
3 7 47
20 101
171 315
29 83 190
54 134
214 262
270 304
123 244
63 64 113 126
31 129
40 75 90
55 81
183 255
16 35 64
30 93
147 250
8 24 70
69 106
275 289
6 84 91
5 215 216
21 74 322
11 248
55 242
108 230
106 126
144 242
79 102
237 260
27 31 120
12 17
151 154
38 39 70
294 297
111 112
90 91 100
246 311
17 105
76 77
191 232
109 283
106 107 129
48 189
196 229
14 122 134
203 293
59 183
104 225 228
187 316
37 69
5 88 133
62 273
65 111 315
82 224
175 220
93 100 107
33 34
103 185
279 304
48 125 316
7 204
13 123 134
225 261
206 249
59 97 173
72 169
88 141 171
16 219
16 177
65 114
73 274
122 311
46 84
54 134 276
57 162
104 221
4 11 112
60 63 113
56 175
228 242 258
44 210
74 151 166
188 194
83 160 162
231 240 263 311
63 120
16 100
17 19 103
27 28 75
227 228
141 201
56 126 174
117 216
63 64 115
248 325
22 94
88 133 242
195 204
90 209
143 271 280
204 280
74 108
8 133
164 193
0 101 320
66 182
255 293
45 111
165 268 298
158 183 198
15 126
20 21 127
84 162
74 201
11 242
212 254
210 223
113 123
67 79
84 91
9 234
138 220
135 298
48 62 124
15 144
74 130
257 272
62 74
245 265
38 320
44 261
210 211
21 168
81 91
36 55 69 134
86 170
104 225
57 244
300 302
106 173
24 148
90 96
140 264
3 75
117 274
74 148
196 250
5 197
42 117
175 190
107 190 301
202 203 255
257 291 304
88 218
48 169 195
162 191
8 201 290
21 154 166
5 216
144 165 267 275
133 191
284 290
111 242
34 202 293
11 111 242
135 271 272
11 17 242
148 151 320
24 166
111 216 248
242 261
26 101
203 212
87 260
135 171 275
17 216 248
92 101
43 217
109 224 238
152 166
14 263
144 292
19 103 104
15 113
43 258
143 271 279
8 264 287
213 281
198 212
108 278
162 181
132 268
60 63 114
112 297
26 67
101 154
15 16 114
17 292
25 166
110 251 276
177 237
35 77
237 238
172 195 259
71 73
217 218 228
112 196 248
8 149
70 270
10 36
215 242
72 117
267 275 304
116 125
257 264
237 283
49 97
120 236
6 84 100
26 188
8 234 302
111 162
76 78
243 254
292 315
16 47
148 151 166
55 240
18 228
164 225
40 47 93
48 169
26 52
48 169 170
178 180 232
66 157
25 79 127
25 70
72 97 98
30 205 301
35 116
11 19
17 86
60 84
94 163
106 190
4 112
24 151 166
31 206
71 234
196 286
50 72 172
169 182
30 174 208
132 280
57 178
171 302
316 319
1 20 21
158 270
34 212
140 280
112 221
29 57 220
77 263
148 150
16 37
80 317
264 286 291
247 286
222 293
70 166
12 196
5 137 138
214 261
143 272
202 310
29 82
94 148 157
43 45
171 267 280
103 111
156 274
97 125 319
126 205 301
95 158
30 178
217 258 297
145 159
102 152
100 113
87 109
10 171 280
28 35
86 245
80 106
160 205
214 226
177 180
35 47
175 185
65 111
278 317
300 312
146 252
290 292
29 177
183 264
38 278
50 189
264 306
114 175 205
94 172
135 140 286
44 89
162 174
52 147
121 132
138 197
135 204
202 214 233
122 237
124 316
21 270
146 147
5 221 248
59 225
76 209
27 115
17 243
140 171 201 264
143 312
235 276
165 201
151 287
52 117
77 106
31 116
46 91
119 158
58 194 316
152 287
17 257
59 301
31 60 113
20 70 80 127
170 259
16 180
1 21 317
104 294
114 115
76 121
86 246
202 214
74 101
237 238 260
74 92
4 216 221
212 325
254 286
272 303
38 39 108
50 316
40 128
132 280 298
21 39 70 166
35 37 153
286 315
295 296
26 39
267 291
204 289
39 48
132 257 287 302
107 128
208 301
42 162
82 235
94 157 274
84 100 114 129
21 102 152 166
0 1 320
46 79
231 285
21 154
21 74 151
48 72 169
37 96
76 191
16 197
23 161 282
215 305
105 133 218
57 174 185
17 287 298
133 223
157 161 168
46 120
133 229
34 243 284
82 262
144 165 300
105 225
76 162
82 283
172 176 187
21 148 157
71 94 157
113 282
1 154
158 313
50 302
149 171
133 302
141 262
257 290
141 143 286
10 66
108 317
267 289
83 190
190 220
215 227 305
140 141
68 94
76 162 276
49 58
104 204
216 289
226 233
165 284
268 291
57 76 276
57 81 82
89 196
317 322
146 243 296
74 154 166
154 282
16 174
46 79 236
32 37
56 138
89 297
126 205
284 286
117 200
60 115 231
41 46 84 107
39 213
0 270
29 197
140 304
132 279
206 248 295
127 193
76 308
44 92
120 126
248 261
42 224
279 280 298
17 19 297
84 100
137 265
204 287
7 47 84
30 208
79 108
18 211
12 218
113 115
81 238
100 120
92 119
22 176 187
63 301
114 115 244 245
81 121
4 111 258
173 270
56 174 180
6 69
36 93
61 230
88 297
195 316
46 96
29 137
67 222
140 272 286
149 171 292
56 83 220
87 238 260
46 236
140 201 204
82 266
106 114
25 278
48 173 195
286 302
180 181
223 248
170 182
140 286
146 214
25 148
84 115
64 114
9 36
156 168
144 171 292
6 47
6 7 106
155 156
60 116
43 228
55 238
221 229
81 251
23 50
171 176
58 125 187
48 266
69 280
66 198
141 201 304
171 304
11 228 242
69 116
71 183
11 17 19
48 222
37 120 129
48 117 194
64 263
168 322
27 40
79 101 102
211 297
141 204
21 79
79 150
187 273
4 89 105 196
92 217
57 192
280 284
140 171
0 166
215 250
19 248 258
267 279
58 194
126 185 301
50 167
55 134 236 276
112 229
121 276
201 304
233 325
158 243
16 116 129
198 214 222
3 27
16 28
96 120
72 97 170
107 125
92 317
28 276
183 200
233 255
118 119
2 106
59 63
134 238 316
106 178
69 120
33 34 262
51 61
131 137
165 289
206 255 295
74 274
171 204 264
133 215 305
87 239
74 230
82 174 301
132 257
24 151
8 132
243 296 325
165 204
3 91 115
144 275
3 41 46 84
34 243 252
26 317
17 217 218
135 300
31 32 60
3 84 107
1 150
99 125 169 173
72 170 195
226 262
37 71
5 138
11 218
107 125 169
10 204
0 170
59 61
55 86
57 308
8 312 315
11 18
97 98 194
170 188
160 262
138 180 197
1 130
71 72 193
48 186
48 79
16 230
98 161
115 116
284 312
60 63 64 113
41 106
87 265
46 110 236
46 75 84
204 298
52 53
4 11 88 196
48 166
102 320
162 244
83 175
140 279
94 168
134 237
268 271 304
293 325
88 89 133
105 216
230 271
57 76 190
130 198 226
94 158
234 279
176 270
221 225
211 248
29 77
198 207
67 156 222
143 257
231 276
20 26 154
92 270
207 325
14 224
52 58
27 46 106
158 232
179 274
19 217 218
204 300 304
59 124 125
20 317
54 285
7 84
234 297
19 104
52 184
158 261
53 74
216 229
207 233
139 149
70 150
143 304
165 271
202 241
52 230
153 270
186 316
42 263
31 32 231
91 106
27 90 106
23 313
185 232
21 48 186
12 228 248
74 222
199 222
110 236 276
214 310
3 91 93
30 107
59 304
145 282
191 192
102 154
83 205
28 100
64 120
161 282
8 140 315
25 154
50 71
135 272
76 323
200 266
77 83 162
50 51 158
76 297
105 133 196
291 300
72 169 170 187
4 196
157 313
16 75 224
172 273
63 106
124 182
99 169
109 238
132 297
222 243
16 183
10 177
201 279
195 286
121 283
12 77 106 107
43 133
83 121
34 143
148 322
20 168
29 57 81 192
50 282
82 162 185
155 182
8 272
137 138 220
5 198
291 304
140 291
54 86 224
11 196 248
85 160
61 125
300 306
66 95
28 63 64
95 199
146 213 243
141 280
48 173 186
54 238 260
59 200
50 118
186 230
303 322
176 200
264 280
13 14
65 178
58 125 316
199 206
146 255
70 154 166
174 238 260
27 63
76 106 126 162
292 302
59 148
12 227
8 276
200 319
26 80
199 253
79 106
50 164
151 213
48 179 230
268 292
21 25
12 104 225
151 168
159 267
10 177 234
150 156
260 316
238 249
279 302
48 71 176
106 107 120
9 10 291
191 244
27 40 91
70 170
139 242
17 217
212 247 325
48 64
88 211
8 82
271 279
17 211
171 271 280
17 43
234 290
110 185 276
40 84
7 91 126
21 26 317
166 215
212 256
231 263
12 221 261
8 125 315
1 142
16 137 183
170 273
267 272
143 291
41 85
58 169
16 113
210 286
280 293
49 183
26 166
85 93
8 292
123 185 244
17 19 261
89 196 286
160 175
45 88 248
110 246
279 299
135 234
44 248
62 274
143 286
66 179
40 75 96
20 108
10 213
264 300
80 101
7 36 126
214 253
24 168
76 100
272 304
15 60 114
92 313
8 10 315
186 212
37 93
100 263
68 163
27 31 84
183 247
28 120
63 113 114
198 204
152 322
7 41
279 286
77 180
206 256 325
264 320
184 188
2 120
279 290
130 320
37 84
55 110
27 209
137 160 190
59 79
3 31 129
145 172
8 111 227
264 321
122 263
4 196 229
133 227
135 271 304
90 129
63 114 116
109 110
47 116
12 133 258
73 152
111 217 242
30 185
160 209
210 217
86 260
146 250 284
176 186
124 173
226 296
206 302
34 202
61 62
21 130
237 263
212 295
243 284
111 112 227
92 322
146 242
234 280 292
26 154 317
15 120
171 290
219 220
74 152
202 247
266 276
10 171 204 257
206 256
141 267 280
21 101 127
112 262
16 137
15 31
70 79
5 261
59 127
131 175
125 170
5 88
16 137 261
56 131
73 74 150
12 17 228
111 211
140 204 257
32 60 231
2 3
286 291
197 308
74 293
178 209
82 126 301
65 87
87 276
79 151
94 95
8 71
19 77
226 254
115 120
88 221
70 325
185 311
34 310
160 190 323
266 283
142 146
57 177
146 183 243
91 100 106
27 84 91
110 235
105 312
34 309
8 298
101 317
70 151 212
8 275 280
81 162
250 261
56 185
72 169 170
48 311
228 242 297
111 217 250
131 308
97 169 319
10 298
35 37 255
26 274
4 5
102 322
15 64
103 105
56 205
159 167
97 176 187
206 281
144 268 298
40 47 84
206 213
76 208
104 148
81 82 134
264 287 302
35 37 209
60 263
57 126 205
171 284
5 111 215
132 302
72 176 195
62 124
83 219 220
146 158 284
114 116 120
234 280
12 103
2 93
2 6 41 46
43 227
143 144 284
286 299
16 107
77 169
149 279
202 213
53 179 186
30 57
172 186
41 47
144 204
8 10 132 264
165 304
255 268
237 251
40 113
220 308
63 115
151 317
144 165 268
37 60
28 91
50 66
175 208
36 174
207 293
57 69
140 141 280
52 59
148 166
17 242
149 289
59 69
82 126
76 77 162
15 16 63
161 163
58 125
84 220
23 161 168
62 145
36 69 174
35 37 115
89 112
72 170 187
50 51 94 269
79 80 127
10 60
204 257 268
165 257
60 120
132 144
133 210
121 170
70 71 79 80
250 258
123 263
83 219
106 169 187
62 172 183
97 158
150 317
84 85 100
44 138
48 49 202
28 31 93
163 193
267 275 298
31 63
20 26
253 255 293
198 212 222
59 195
28 63 85 120
122 240
52 188
23 155
50 52
94 157 168
291 300 304
1 102
268 275
225 258
175 238
64 229
157 320
170 176
80 148 151
9 275 280
201 300
125 154
105 196
130 270
127 278
4 227
25 67
31 116 129
99 316
271 284 300
52 204
61 72
87 237 260
222 233
62 183
168 212
48 182
17 102
112 211
242 258
287 299
48 295
126 291
12 43
168 194
121 217 218
6 16
71 173
245 285
71 195
58 201
17 197
186 195
76 131 178
104 218
106 107 301
16 191
54 240
34 146 147
231 324
141 198
72 186 195
264 279
258 261
185 197
49 186
237 266
77 210
143 165 268
86 110
37 77
257 298 304
2 7
112 166 215
58 117 176
107 178
107 115
240 260
31 63 114
20 21 166
56 78
92 166
149 304 312
50 124
50 94
24 151 152
147 250 284
5 103
71 127
137 232
3 41 84
140 292
86 121
111 112 133
11 228
48 59 117
32 113 116
21 26
144 217
27 75 90
138 190 197
57 76 162
134 266
227 247
32 126
117 188
58 188
140 141 271
125 173 316
45 228
110 134 235
107 301
40 41
29 178
88 105 221
69 126 174
137 308
109 235 263
87 311
82 120
269 274
182 186
67 145
64 146
202 281
125 250
134 291
171 291
244 260 276
4 297
56 83 219
11 211
58 125 169
213 247
77 191
279 290 291
127 151
64 116
235 240 285
27 114
98 187
91 100
17 71 86
124 194
6 106
79 119
121 137
19 217
48 176
143 144 298
12 34
83 138
76 162 180
171 204 257
35 86
99 187
99 195
261 292
10 132 264
121 243
240 276
6 36 126
132 135
116 131
224 266
42 123 276
186 313
3 16
94 269
57 97
142 153
49 270
44 294
99 193
75 90
214 233 255
27 91 100
3 7 41
90 116
48 230
8 112
73 170
71 152 166
110 224
31 106 113
201 268 287
70 148
143 165 284
8 201 286 290
127 317
175 177 205
224 260
81 187
207 296
61 194
48 316
11 312
173 319
22 234
92 158
58 176 187
264 284
25 73 101
57 190
30 107 177
243 286
184 232
13 14 311
36 69 93
131 162
58 117 183
60 69
6 36 75
11 89
257 271 304
144 287 298
217 228 242
222 226
62 71
14 134 311
151 168 212
44 258
235 240 311
248 252
291 299
80 150
59 176
88 250
264 304
52 108
146 241
170 198
31 50
141 171
26 151
48 169 316
72 117 186
201 321
75 93
69 113 126
171 201 280
71 125 170
20 127
17 19 104
15 165
70 80 168
60 113 120
165 267 275
54 55
181 191
119 274
189 201
72 231
135 143 271
138 177
21 317
193 195
31 75
11 249
125 169 173 316
28 40
76 176
16 30
107 187
0 130
30 77
71 102
48 62
177 208 322
26 102
50 319
246 263
0 74
48 74
178 192
121 311
71 187 193
87 177
6 27 75
1 317
106 169
58 59 194
178 190
78 168
74 177
133 216
93 238
91 106 107
34 243 284 296
107 113 126
63 66
54 231 285
172 195 259 313
87 231
61 124
41 84
234 260
139 267
234 302
132 284
241 256
25 38
201 204
21 50
141 149 292
169 319
131 220
92 269
45 297
143 272 304
231 235 311
99 106
73 153
227 286
74 278
147 325
115 244 245
117 184
4 226
66 72
177 205
195 259
72 124
21 157
63 107
9 69 132
34 146
19 103 297
10 204 257 302
20 21 152 154
21 193
0 21 154
134 231
132 298 302
54 128
135 286
67 241
173 186 195
20 166 322
41 75
17 111 217
51 155
127 153
132 216
140 201 257
30 102
110 245
123 246
77 160
38 39 92
62 155
10 111
14 237 283
16 285
205 323
140 257 264
70 102
278 300
28 31 85
127 163
38 39 320
173 200
11 105
21 101
177 208
133 217
50 246
5 218
146 243 250 284
194 225
46 75
173 182
148 151 154
28 116
227 302
34 133
202 249
16 114
148 230
226 281
212 242
158 160
240 263 283
64 69
110 236 251
18 223
113 166
32 75
202 256
48 162
7 47 91
62 98
100 209
67 156
279 292
71 72 172
169 273
271 292 304
97 99 173
12 44
123 276
144 204 279
123 126 174
204 277
212 295 325
59 303
265 283
17 210
214 296
76 77 83
102 188
44 211
29 126
268 315
26 53
23 154 282
20 21 38
86 246 285
234 257
66 168
11 17 89
88 105
101 148
6 93
84 90
64 76
5 250
22 74
197 205
1 170
21 172
17 111
3 46 47
84 129
144 165 291
31 120
144 165 304
40 90
47 65
144 291
257 279 298
264 292
10 292
12 17 111
55 60
202 206 325
1 21 154
26 150
22 318
35 65
118 155
198 226
257 300
28 110 276
48 243
88 210
264 286
9 132
110 185 244 276
136 280
76 77 220
90 178
12 216
192 232
247 256
26 230
180 191
279 314
57 131 220
58 99
59 169
217 292
74 167
16 75
31 84 100 114
1 80
165 204 298
202 255
10 284
182 293
48 179 183
202 203 226
24 99
158 183
83 215
59 313
204 275 302
57 160 301
59 180
180 208
74 148 166
183 187
103 225
105 111
21 152
15 28
35 64
32 115
48 71 173
286 292
3 91 96
71 214
97 173 194
134 238
52 182
82 244
37 60 129
54 107
72 319
107 175 249
63 113 115
20 127 270
46 75 128
140 171 286
30 205 208 301
0 173
28 93
135 141
4 111
132 315
14 237
88 149
144 165 275 284
76 138
217 218 242
112 216 242
146 250
171 280
240 245
48 201
163 274
204 271
70 74
22 274
16 224
143 292 304
143 279
171 206
2 47 91
24 101
36 83
6 40
136 141
27 31 100
102 140
230 270
176 187 201
99 106 173
197 198
193 259
76 77 192
13 123 174
212 213
49 117
52 108 241
100 232
46 110
177 298
171 289
162 174 185
96 128
66 88
54 86 245
3 7 107
149 264
81 121 134 283
6 129
14 123
13 240
14 285
207 212
101 102 130
59 72
121 209 220
117 230
149 225
228 242 294
85 311
165 275 284
20 151
59 66
163 303
81 87
99 176 316
277 286
102 204
6 75 84
12 228
177 219
145 200
77 219
57 131 308
87 244
212 222
20 39
141 267 304
149 242
10 140 204
48 58 59
131 160
17 23
63 236
169 325
107 260
151 278
130 166
71 80 102
228 289
168 189
74 318
13 14 134 311
201 257
236 285
77 174
74 154 274
148 168
4 248
55 121
222 274
125 212
59 167
206 207 255 262
72 193
36 125
34 202 206
112 133 258
281 309
19 149 223
226 247
25 130
57 83 190
123 185 276
40 90 91
99 106 125
30 175 177 181
74 154
135 287
21 166
31 114
284 306
69 121
104 211
173 193
141 264
35 37 126
7 113
148 151 153
76 106 162
59 72 195
194 215
262 310
206 226
74 262
74 241
106 316
168 312
174 208
286 298
30 76 162
41 96
174 192
93 126 185
0 102
2 96
93 162
54 245 246
143 144 165 275 284
36 40 69
160 177
56 76 77
133 250
6 7 75
100 162 220
291 302
97 98
59 182
169 194
101 108 317
217 218 223
6 91
173 176 316
4 17 88
28 65
216 292
116 249
204 300
99 273
149 291
125 176 187
83 107 175
71 86
106 116
222 233 255
109 260
56 83
4 133
255 256
3 7 46
271 272
11 258
88 225
172 259
59 71
213 214
141 144 165 304
6 65
21 26 154
32 114
144 268 271
272 300
169 195
267 280
175 177 178
47 100
222 253
79 130
94 119
202 253
141 267
217 302
205 208 301
21 170
81 126 185 301
35 206 253
91 93 107
120 224
46 237
280 286 304
121 126 162
15 16 116
27 31
74 90
180 181 191
78 301
180 198
3 129
174 178 180
75 128
43 242
71 101
39 73
26 179
13 276
150 222
200 230
86 235
50 72 195
1 101
2 84
106 177
151 158
71 207
143 298
5 111 216
182 195
234 268 302
80 94
4 221
8 218
13 123 134 174
76 301
201 290 291
20 166 168 322
2 41 46
107 177 301
75 100
140 286 291
28 311
185 208
88 229
55 82 123
133 211
246 263 265
15 115
158 197
39 153
8 304 315
72 141
275 280
31 60 114
47 129
50 51
103 297
206 286
141 279
235 240 263 311
6 75 93
81 121 244
60 63
141 298
55 134
154 322
160 222
8 204 264
21 163
8 141
6 75 96
8 171 204
209 262
173 179
7 40
231 235 240
171 298
170 179
114 129
106 128
198 202
162 276
102 257
77 106 107
16 221
137 160 197
237 285
67 71
100 115
213 281 310
8 10 312
121 162
133 225
59 184
17 133
52 241
50 146 284
248 312
248 302
244 266 276
2 75 100
104 280
36 160
82 134
225 294
210 221 248
10 217
0 70
122 260
158 274
61 316
8 135
100 219
22 145
104 112
28 60 85
110 235 240
97 186
12 112
238 276
200 274
7 46
170 193
47 91
50 259
72 184
11 223
71 125 172
210 305
123 237
80 153
71 97
253 295 325
4 216
4 105
10 204 257
225 250
206 212 295
107 129
63 82
3 46 100
135 284
69 204
183 198 201
45 88
51 66
146 147 296
20 108 154
103 295
41 46 47
48 49
146 295
207 233 295
64 113 126
57 205
135 279 304
94 157
97 98 169
17 71
31 41
42 231
99 188 194
13 14 134
115 177 301
8 10 234
50 72 170 172
57 131 185
77 78 209
41 100
204 280 298
110 235 276
53 108
183 198
59 271
14 86
125 193
5 111 297
277 291
228 250
209 220
176 316
36 64
202 212 214
66 155
114 116 129
122 191
55 110 235
15 32
238 251
272 275
117 169
118 158
197 235
70 80 325
168 278
23 154
84 113
34 248
206 247
20 92
102 313
42 100
93 129
150 274
148 278
137 197 261
257 268 304
94 157 158
43 294
137 162
257 280
223 292
165 300
85 126
80 163
123 134 185 276
102 124
177 238
29 97
214 241
74 214
271 300 304
238 266 276
72 259
27 40 90
217 218 258
16 40
108 322
40 64
78 107
71 99
290 300
8 272 286
73 148
20 93
240 311
107 261
16 234
35 289
12 111
152 154
132 171
198 203
19 217 218 223
62 316
112 196 215
66 67
8 135 302
75 85
20 21
8 312
168 326
8 291
34 284 296
257 299
179 230
60 64 113
264 267
177 216
257 264 287 298
44 223
68 157 163
32 63 64
53 72
34 295
87 236
79 107
102 106
176 187 291
48 50
166 251
182 193
10 207
141 290
17 19 242
21 98
16 120 129
59 186
204 315
22 157
78 185 220
97 316
140 247
264 280 321
37 170
135 257 279
50 59 176
57 301
35 178
14 42 134
80 266
187 193
2 47
144 271
54 236
36 177
4 112 258
71 319
74 168
24 70 92
88 112 133
86 244
54 283
169 176
27 64
99 173 183
91 107
44 45
182 188
58 195
77 83
72 273
8 286 304
106 107 205
55 123 134
147 296
133 312
211 218
30 115 175
52 124
103 229
218 223
199 293
21 127 317
3 6
8 280
21 148 151
254 256
54 251
124 301
258 305
1 21
91 128
2 100
165 267 268 275
27 41
118 282
121 192
77 78 83
173 187
154 325
160 220
56 177
16 121
144 302
82 122
298 300 304
16 198
106 301
73 317
81 162 276
143 271 304
138 240
202 206 214
106 285
148 151 188
72 169 187
131 219 220
16 120 224
50 280
71 206 252
55 185
172 303
93 224
160 301
30 115
44 228 242
20 70 166
56 57
118 164
52 169
240 265
171 201 264
201 290 299
16 32 116
214 254 256
71 94
51 173
213 309
48 169 186
201 289
112 216
116 177
6 65 106
50 90 326
62 117
70 322
13 42
20 154
37 115
87 266
38 39
245 263
140 171 264
29 192
78 174
171 206 286
72 186
225 248
16 176
228 242 248
158 201 204
58 124
49 230
70 106
70 71 152 166
171 275
21 26 322
55 224
141 292
287 291
133 217 218
36 280
12 292
174 175 178
12 17 258
145 168
8 140
36 46
70 148 322
83 131 190
13 42 123
2 31 37
286 306
27 40 100
10 234 291
264 271 280
36 121
79 278
32 107
106 246
65 96
53 66
77 220
52 53 230
19 261
215 221
137 198
175 205 301
132 149
71 79 80
97 204
271 286
11 221
60 113 115
19 206
60 64 115
17 297
202 252
222 252
28 75 90
57 126 301
118 262
106 107 246
141 254
213 325
146 165
72 230
112 228
24 80
88 216
21 25 166
103 112
131 160 190
216 297
0 142
21 166 270
8 268
76 77 78
270 320
116 172
201 272
48 117 195
48 99 173
4 305
273 319
28 32
138 190
76 83 162
55 87
21 163 193 303
104 258
190 323
64 115
170 183
50 119 195
121 183
29 76 192
22 119
220 224
50 130
146 284
21 80
19 103 258
137 320
62 214
199 214
4 229
83 301
284 292
190 219
84 100 114
56 137
17 245
241 295
59 188
10 238
3 90
271 304
59 97
174 260 301
227 297
198 212 214
186 270
204 302 304
125 173 194
15 46 106
251 266
96 301
77 183
166 181
68 167
50 284
12 225 297
100 106
107 263
52 62 124
100 162 185
16 85
10 287
35 69
59 242
188 316
76 236
257 268 302
242 292
62 179 274
3 93 107
140 144
140 141 171
21 151
198 310
73 320
137 138
35 126
148 157
70 71 79
75 106
124 125
103 133 258
14 57
144 290
107 177 190
275 304
175 232
5 112
59 101
16 17 261
54 245 285
175 178 208
7 60
28 147
304 321
40 47 100
7 96
74 147
26 258
76 177
291 312
10 143 315
56 219
24 26
52 274
112 242
86 224
8 302 315
103 258
101 322
74 247
59 274
83 117
81 263
144 287
141 286
88 171 280
216 280 297
44 165
74 80
143 315
268 304
126 276
74 150 151
23 318
143 264 271
213 249 281
5 19
268 286
176 187
30 131
140 201
71 117
12 105
137 180
146 199
279 287
84 100 129
198 256
26 153
216 223
97 125 173
238 239
239 260
19 218
218 228 261
49 58 72
35 180 219
195 259 313
97 192
70 80 127
10 271
17 83
21 51
158 296
103 280
143 287
151 152
75 116
206 213 325
30 174
140 204 264
202 214 255
27 220
252 256
21 26 108
87 175 238
60 208
210 223 227
52 64
20 21 158
16 114 120
266 311
139 294
61 99
115 301
82 121
71 94 148
86 235 240 285
13 244
21 71 154
290 292 298
165 268 291
53 124
201 286
56 323
79 322
124 179
183 201 204
81 237 276
36 69 126
34 253
9 149
217 322
261 302
57 76 126
5 137
135 257 279 298
13 123 126 134
11 261
132 204 302
143 300 304
109 251
2 41 100
130 199 226
112 315
215 297
292 302 304
70 80 193
71 80 127
254 255
36 107
16 83 219
112 218
271 300
36 93 107
48 49 270
169 187 188
8 286
50 145
48 157 167
117 125
88 133 229
141 268
34 242
57 83 162
17 19
40 85
111 206
21 26 71 154
157 163
75 84
214 215
16 81
88 267
81 126 185
8 132 257
37 232
42 134
174 190
117 316
99 125 172 173
100 220
143 300
4 35
149 284
247 255
66 230
76 126 162 174
58 86
212 218
137 205
15 75
61 66
8 59
267 275 284
37 120 126
47 84
169 183
9 292
77 162 192
4 138
11 133
10 217 218
66 282
57 81
149 271
69 185
14 55 134
46 65
97 188
139 248
71 74
115 175 301
57 76 126 162 244
135 201 271
143 144 165 280
54 86 231
21 94 148
109 231
164 274
175 323
60 114 129
110 244
27 224
87 121 238
144 201
181 185
7 106
204 287 298
213 249 310
135 264
267 275 291
71 183 319
88 248
246 260 276
100 110
192 308
135 149
8 9 132
206 214 325
103 292
91 107 113
279 280 292
257 287 298
20 49
141 286 312
84 86
146 284 296
289 302
48 132
88 133 228
102 258
178 191
16 138 221
204 264
6 36
197 235 285
20 21 108
217 218 225
88 242
71 168
163 193 303
139 264 289
102 278
213 286
93 113
73 168
143 144 165 284
168 317
57 76
173 316
135 139
53 173
161 274
218 248
23 71
140 272
48 94
19 196
79 110
97 173 176
187 259
177 185
251 285
125 187 316
24 187
28 113
65 113
81 244 276
89 242
46 71 79
47 93 114
135 171
33 48
280 302
187 201
32 60 63 129
83 257
79 166
166 276
92 153
95 313
14 82
99 186
91 115
256 286
135 257
137 183
135 136
174 178
70 71 166
22 118
224 235
59 282
5 229
204 267
121 263
158 172
271 306
160 205 323
0 73 151
93 100 106
98 183
3 46 91
20 94
87 106
72 172
60 64 114
183 186
41 129
289 298
139 216
119 146
123 126
166 187
137 160
71 98
51 94
169 172
177 263
142 155
206 214
196 221
287 314
150 151
231 246
123 126 134 174
29 232
190 197
54 134 245
157 242
181 263
81 82 185
209 249
37 178
38 270
147 262
16 137 197
57 82
56 77
1 194
210 218
11 104 105
221 297
59 97 187
110 244 276
268 287
264 277
271 277
271 280 304
28 251
159 189
87 107 175 177
15 63
79 101
220 288
