==0,1==
141 8
306 304
198 213
177 190
277 277
91 7
297 112
316 125
34 147
206 253
132 304
200 179
310 310
257 304
263 235
103 17
0 270
27 107
6 84
188 61
19 103
79 154
304 272
270 130
228 133
160 78
174 162
106 107
214 198
200 71
163 269
83 160
258 12
248 227
127 166
188 182
287 304
212 310
37 129
292 10
48 58
268 290
114 3
140 141
60 32
12 221
97 179
184 184
284 271
322 154
200 48
31 90
65 3
217 217
285 235
222 295
14 266
106 120
5 217
158 167
177 180
104 196
250 250
304 141
101 270
193 273
165 291
144 268
11 4
251 251
10 8
230 48
25 24
205 220
177 301
284 284
64 15
162 178
202 214
14 14
215 4
120 32
173 187
166 148
13 55
226 199
131 190
192 57
317 317
77 219
184 53
16 60
79 0
230 169
281 214
47 47
216 5
191 177
291 264
63 28
58 62
311 13
75 2
255 198
80 80
260 276
7 96
214 309
18 105
261 12
145 66
290 304
122 82
147 255
10 286
225 211
58 183
212 241
311 134
204 8
143 141
61 188
196 4
21 152
114 114
107 75
287 271
26 1
298 280
64 113
264 287
147 147
137 219
123 55
264 143
116 16
295 247
216 103
80 322
234 8
179 72
133 105
271 304
231 231
75 100
41 107
139 264
161 23
240 87
298 257
77 209
258 221
70 21
264 264
160 323
87 110
242 133
134 42
154 20
319 316
198 206
279 280
38 74
264 300
58 52
231 123
256 296
202 325
21 21
141 315
260 266
80 70
206 295
272 277
131 301
44 4
243 213
91 85
76 185
135 271
62 58
281 325
88 196
54 54
209 77
108 25
86 235
57 208
117 259
14 246
255 309
302 304
41 120
87 87
182 59
227 210
107 65
179 170
279 257
30 190
5 17
10 132
55 283
62 179
169 125
228 211
120 120
165 271
24 152
218 17
103 216
153 153
179 62
31 47
57 185
63 116
223 217
75 90
175 177
275 264
1 24
100 3
118 51
244 276
37 63
56 76
149 304
17 5
47 27
229 4
179 183
193 230
238 238
220 220
261 221
73 21
198 281
205 177
273 195
79 101
298 139
111 133
91 75
271 271
8 306
188 273
253 253
220 76
304 304
96 46
162 220
275 277
286 286
86 81
30 180
264 267
83 192
258 44
229 17
99 316
274 168
194 59
314 204
319 319
27 31
206 33
312 280
24 142
17 103
196 105
60 64
205 190
30 301
106 31
112 111
271 284
170 52
115 116
190 30
302 271
88 19
107 32
193 184
134 251
167 168
172 97
104 228
178 177
83 205
16 115
81 244
260 246
100 114
173 98
71 316
72 195
300 139
112 88
36 129
102 74
20 270
13 231
252 247
117 59
289 165
275 267
215 216
208 177
18 196
120 64
264 257
209 178
129 69
8 8
13 123
228 11
19 17
144 277
42 266
63 60
156 22
84 3
183 125
242 211
248 105
41 41
174 76
261 44
247 146
210 258
23 23
123 110
304 271
80 148
74 74
64 60
171 272
56 56
264 234
208 190
268 204
107 107
167 158
32 113
212 309
123 231
224 134
89 89
130 127
42 14
270 21
60 31
199 226
325 222
290 264
103 258
75 47
176 99
141 141
240 263
181 177
93 64
298 204
304 284
94 145
174 174
93 100
125 169
193 187
30 160
5 216
78 57
291 201
90 31
309 255
162 56
207 207
178 180
218 216
105 196
170 176
225 112
29 57
134 110
154 317
80 102
240 240
71 319
4 229
78 178
152 127
292 287
69 129
275 234
54 86
14 13
181 190
253 295
127 70
322 166
273 273
178 301
279 204
244 246
65 15
186 125
272 165
2 75
84 114
22 282
292 143
94 158
248 216
129 36
216 4
276 55
306 306
124 186
190 131
139 165
144 280
166 39
111 103
325 212
63 63
117 183
143 284
84 6
208 301
103 248
169 193
87 240
174 308
260 311
292 300
171 10
264 201
108 70
8 132
268 171
148 26
301 205
240 109
10 321
17 217
285 260
35 85
62 188
216 17
172 319
133 248
180 180
279 302
144 257
185 29
42 246
63 40
122 238
284 8
140 143
242 11
127 24
213 213
272 299
93 31
133 104
298 171
91 107
101 151
201 275
88 218
180 301
160 57
114 90
173 176
240 86
266 224
325 310
225 223
70 20
36 27
121 251
169 62
309 222
140 264
247 247
266 260
124 176
182 117
21 20
100 84
280 280
238 283
258 112
204 141
10 10
238 54
94 269
2 6
275 201
108 24
213 226
313 313
279 171
10 275
76 220
306 8
43 43
231 14
3 7
129 3
87 86
5 196
107 64
191 323
132 8
312 204
205 78
197 137
196 258
76 76
96 91
208 232
183 59
134 54
107 100
19 216
46 90
319 99
264 312
217 88
77 77
113 116
292 267
184 176
110 110
290 306
302 280
260 134
246 236
166 127
57 220
258 210
170 97
143 143
21 154
309 212
301 208
316 71
64 115
10 144
157 163
163 94
49 72
317 152
19 229
220 219
257 286
143 264
278 80
110 87
15 115
169 173
255 213
33 249
74 21
234 10
44 258
165 139
77 175
178 78
24 20
297 215
234 275
114 93
47 3
144 201
17 17
133 228
194 58
180 160
6 7
286 141
51 158
264 302
50 50
196 104
323 208
129 114
61 59
316 169
113 106
207 262
312 315
31 36
143 277
190 209
83 83
54 285
183 170
107 31
132 204
261 89
312 171
84 84
116 116
36 7
1 278
182 61
273 99
92 24
151 73
55 285
117 117
229 258
149 149
323 185
15 69
129 91
21 0
276 110
292 234
123 276
278 70
150 150
182 182
102 73
101 108
206 310
114 47
286 10
183 183
257 132
215 215
268 141
1 26
13 266
301 175
37 65
116 129
76 56
216 216
248 248
248 19
194 48
100 41
113 60
30 205
163 326
89 111
244 134
249 249
271 8
47 114
276 123
287 132
282 282
214 147
240 285
13 14
130 270
304 306
315 315
276 244
267 275
88 44
46 47
320 21
57 56
271 165
89 88
229 248
316 316
134 276
42 13
209 190
169 117
229 19
270 20
278 24
286 144
144 289
79 80
31 3
28 114
316 172
147 214
114 37
302 8
74 1
52 62
186 62
123 122
109 224
183 173
42 134
0 317
8 141
86 240
178 323
170 319
65 37
299 204
310 213
278 1
174 209
186 183
292 201
225 111
229 261
295 206
81 246
28 91
33 206
322 80
27 46
53 184
84 28
54 265
208 323
255 255
61 124
73 278
106 46
59 200
252 249
116 96
290 132
94 157
108 92
129 35
133 5
245 246
177 191
35 107
255 147
241 212
8 10
113 63
206 254
19 19
100 93
144 279
79 70
70 101
250 297
117 182
222 198
322 322
8 275
134 122
103 18
114 27
187 97
52 52
211 225
252 226
171 9
135 315
176 124
289 144
297 5
88 11
188 98
53 53
193 176
85 85
144 171
31 114
17 216
310 203
43 88
35 84
54 134
248 228
96 100
86 86
118 118
236 110
48 59
302 204
19 261
100 106
280 302
119 119
151 151
117 195
141 143
12 258
152 152
244 235
304 286
102 151
139 298
214 212
67 50
185 185
17 229
177 181
97 72
204 284
230 193
270 0
218 218
16 120
110 276
171 143
183 117
48 72
60 46
6 75
25 25
104 89
64 16
21 320
116 63
231 13
173 188
185 162
171 264
236 244
182 273
222 309
89 45
15 16
275 321
322 24
59 59
298 304
219 160
90 46
48 49
180 205
100 96
280 292
92 92
97 170
131 83
169 195
314 284
201 264
81 82
125 125
251 121
48 170
74 79
214 202
20 108
206 198
226 213
158 158
84 129
244 81
169 316
230 183
304 132
216 248
150 74
216 19
315 141
207 199
279 304
159 159
191 191
137 220
103 227
169 172
228 258
12 225
6 65
192 192
97 183
224 224
70 166
284 275
2 31
257 141
128 27
254 252
225 225
84 106
21 166
196 18
148 270
276 276
13 311
301 220
154 21
59 49
24 320
258 258
204 287
137 197
36 65
216 261
309 309
160 180
268 271
291 291
257 298
204 143
190 208
62 59
317 20
108 26
54 55
59 170
203 34
75 114
143 132
142 24
166 152
99 62
132 10
298 271
204 264
16 64
284 144
96 93
134 285
257 10
129 90
88 89
287 298
74 154
100 63
165 272
299 272
311 246
89 133
257 275
183 97
75 6
268 284
7 100
12 215
227 103
99 183
158 269
78 160
75 91
122 86
234 264
268 140
228 104
167 94
31 84
205 57
84 96
29 160
176 179
216 215
276 266
86 285
187 188
148 80
100 40
279 271
37 100
57 78
264 291
3 107
9 267
317 154
61 48
276 122
180 185
195 48
6 32
59 124
78 137
312 304
79 102
24 166
105 11
261 258
27 91
85 32
13 13
267 9
4 44
212 222
231 235
183 195
257 144
35 31
175 191
274 313
96 47
195 169
215 227
88 43
276 14
106 91
20 317
233 281
58 200
46 46
30 181
70 25
17 19
3 84
28 28
37 113
61 61
176 48
47 126
7 90
135 10
99 173
232 208
94 94
302 272
286 264
153 0
65 36
61 182
176 169
271 141
127 127
148 70
37 90
17 261
112 4
123 13
35 129
168 164
160 160
173 99
182 184
296 206
317 0
316 184
40 100
119 164
6 107
320 154
10 257
32 16
212 212
63 120
184 230
123 134
197 83
271 298
175 181
74 278
194 194
267 264
301 177
107 46
100 7
145 158
245 245
216 218
134 265
227 227
302 141
67 95
92 39
186 195
72 173
104 242
278 278
16 129
271 10
26 322
260 260
134 121
261 225
18 89
10 234
31 28
4 11
311 311
271 275
102 317
84 40
256 146
293 293
160 29
188 97
186 316
25 70
24 25
56 57
1 270
276 246
242 104
134 13
125 193
32 114
98 59
278 26
142 102
141 286
26 70
171 165
134 134
40 90
220 57
301 131
32 6
212 202
130 20
8 143
174 175
118 274
171 286
245 235
17 228
156 157
129 60
201 165
300 287
206 243
159 168
218 217
89 103
83 29
300 143
144 304
185 76
46 3
71 176
225 5
304 298
3 41
208 181
15 15
129 37
74 101
93 114
300 264
20 130
200 97
266 42
312 9
16 96
7 47
48 48
72 176
30 30
63 64
91 46
69 107
304 10
81 81
221 12
112 105
64 28
244 224
169 230
201 299
88 242
12 103
111 225
185 174
17 218
265 54
277 257
29 192
47 60
315 140
221 133
98 62
70 80
185 30
245 81
82 54
47 96
48 61
148 148
0 21
114 6
154 79
240 231
106 2
272 300
151 153
43 211
163 164
143 298
69 120
101 152
181 181
107 3
286 234
78 205
31 93
65 6
131 180
3 31
129 27
139 300
214 214
326 163
31 129
59 48
192 83
4 112
204 286
304 144
276 311
7 37
88 111
199 207
291 290
9 312
75 28
115 64
169 184
127 38
27 100
151 166
21 322
110 134
102 130
147 281
234 286
127 74
106 100
246 260
166 151
10 312
266 238
31 106
51 313
111 215
236 246
258 5
284 143
202 253
55 54
101 21
88 88
134 55
322 26
113 32
59 61
112 216
46 91
70 70
219 162
204 299
63 31
3 129
77 78
121 121
40 47
97 172
135 284
26 148
154 154
59 182
20 74
11 105
155 155
187 187
106 113
172 58
32 84
64 116
264 290
235 263
188 188
100 75
165 284
299 284
258 103
204 132
257 287
54 224
103 229
121 134
214 325
221 221
27 90
67 163
132 143
85 31
31 60
63 129
137 78
293 325
254 254
72 97
217 223
64 93
70 24
183 230
36 31
62 169
235 240
28 27
47 40
187 200
107 91
287 287
140 268
24 322
257 264
28 63
8 234
276 134
320 320
60 15
267 165
169 187
127 270
267 201
321 321
199 295
185 131
131 160
51 51
9 171
297 229
114 107
268 165
287 264
179 173
24 70
10 135
262 207
21 1
287 300
133 242
180 174
259 58
90 100
257 277
268 286
172 169
198 307
18 111
180 30
79 127
298 165
284 267
32 15
231 224
75 93
175 180
41 100
114 84
60 113
279 8
250 210
55 263
216 217
267 299
286 312
302 140
306 290
198 199
65 84
321 10
157 167
175 301
235 86
321 275
152 317
186 230
73 24
205 180
125 71
31 27
90 113
243 206
143 268
295 253
311 81
54 276
74 25
19 89
45 227
326 326
193 125
221 44
31 63
325 281
104 133
24 24
84 75
75 106
190 56
290 143
182 52
47 7
106 93
133 196
205 301
64 96
17 250
265 86
57 57
55 276
62 172
15 60
99 319
194 62
165 264
112 258
58 58
90 90
190 177
316 173
253 233
254 198
199 262
300 165
91 91
232 30
82 122
123 123
263 283
271 287
168 274
24 1
275 257
107 35
124 124
111 5
156 156
116 120
271 143
179 176
246 86
123 244
157 157
160 162
27 47
273 188
39 21
56 190
190 190
110 81
264 139
222 222
8 299
271 264
283 238
316 186
168 22
158 94
212 214
271 300
105 88
84 65
223 223
75 96
183 187
276 235
99 273
171 298
111 18
196 242
285 54
256 256
7 46
11 196
113 64
206 255
70 102
30 29
289 289
236 134
103 19
134 123
154 101
114 28
139 201
313 274
20 21
12 17
126 2
290 290
21 102
176 125
96 16
302 264
80 151
64 63
323 323
134 244
248 229
73 148
180 131
86 87
112 225
133 19
78 83
177 205
320 25
70 79
130 130
150 108
88 133
100 107
174 56
312 286
218 242
251 276
310 325
190 180
163 163
222 212
29 83
242 227
125 316
141 144
11 294
158 313
144 149
244 236
304 287
196 196
297 19
174 177
125 172
291 204
284 165
229 229
248 242
270 1
175 29
140 300
7 36
276 81
26 278
212 325
278 270
170 179
325 202
230 230
117 173
171 144
262 262
217 111
196 88
75 27
101 79
261 217
133 297
154 320
60 47
315 8
5 111
219 220
152 130
263 263
84 32
295 295
116 64
21 92
220 301
127 73
73 102
152 166
218 111
219 76
37 36
304 300
296 296
258 4
297 261
48 194
34 296
201 144
26 26
206 222
111 250
322 25
204 298
90 47
229 242
235 285
102 21
27 27
40 46
293 226
198 254
228 17
5 88
299 306
263 240
54 246
75 40
8 279
60 60
106 27
179 97
284 299
218 88
170 48
264 204
102 142
208 160
129 16
139 289
160 83
93 93
233 253
86 54
285 263
178 137
203 310
258 17
244 82
230 184
257 201
188 187
126 126
82 285
81 240
248 88
180 219
300 135
272 302
291 315
158 51
292 280
143 300
110 123
255 249
101 154
314 298
59 194
173 179
4 258
252 243
32 60
285 240
134 224
48 184
14 42
114 129
274 118
174 180
7 3
140 267
306 299
24 92
277 272
90 37
215 297
47 75
141 268
208 29
19 242
0 0
46 116
65 129
305 227
313 51
250 111
41 37
33 33
224 238
145 94
37 3
284 289
304 267
263 86
128 41
114 106
74 70
66 66
111 217
171 268
272 171
292 149
299 8
103 133
227 248
25 150
99 99
173 48
103 218
28 75
75 7
146 296
195 72
60 27
200 187
132 132
226 325
261 17
143 290
264 171
87 246
201 268
81 86
162 160
173 169
165 165
10 291
31 85
225 216
275 302
195 193
139 292
166 166
133 218
198 198
4 104
70 278
280 8
90 27
285 86
62 194
290 201
5 297
11 228
199 199
46 106
310 295
311 260
21 278
169 176
268 298
176 72
7 114
33 252
19 88
232 232
44 261
193 124
218 297
164 326
304 257
29 138
297 218
283 283
54 82
168 67
140 234
86 263
265 265
32 63
131 185
72 99
292 139
184 48
105 133
284 135
70 26
176 193
96 84
162 29
107 93
298 298
37 114
266 86
271 201
29 30
249 33
7 91
280 286
205 192
184 169
143 280
126 47
325 293
192 29
16 32
176 170
195 183
215 12
227 215
246 265
100 31
46 60
204 268
137 178
157 156
1 317
269 68
214 281
300 321
279 298
146 34
301 57
46 96
238 266
257 279
229 297
278 73
255 206
317 1
321 300
4 215
205 205
71 125
82 134
211 19
238 122
183 186
34 243
268 144
60 115
301 178
107 47
24 278
111 17
55 265
176 183
134 266
287 279
133 221
30 208
112 18
130 152
249 252
187 48
253 222
272 272
20 20
73 26
90 115
76 180
196 133
2 2
83 76
84 41
216 111
108 20
21 101
40 114
114 63
160 30
140 201
305 305
280 132
243 293
252 33
35 35
55 13
121 224
134 14
86 266
187 169
207 147
23 326
286 291
30 185
320 24
83 197
262 199
68 68
316 319
323 178
129 84
146 253
27 36
86 122
172 125
72 187
151 102
55 134
101 101
19 297
40 91
114 40
5 133
279 144
312 141
263 285
183 176
130 21
283 263
107 37
286 268
30 162
46 27
71 200
218 133
16 35
89 248
3 65
276 260
208 205
20 154
46 63
186 186
57 301
292 204
104 4
89 104
323 191
47 107
261 216
219 219
70 127
210 250
84 31
182 188
102 79
248 133
254 213
92 151
252 252
313 119
98 194
223 225
14 231
96 41
267 268
0 153
74 102
120 69
125 184
30 175
46 40
200 98
285 285
51 118
312 10
171 300
152 21
9 9
163 67
247 295
210 227
325 214
91 47
270 278
42 42
295 222
54 245
147 207
261 229
41 46
319 170
12 19
31 32
211 228
271 279
75 75
175 162
140 204
107 27
25 74
246 42
243 296
265 55
304 312
97 62
310 206
271 135
317 102
108 108
134 246
167 163
186 176
97 98
295 199
28 84
154 80
114 7
253 202
125 53
219 209
158 50
17 111
83 56
28 120
122 276
80 130
195 117
12 261
89 215
251 134
297 250
73 127
74 92
5 221
326 164
226 226
225 261
292 171
96 116
160 131
140 302
88 112
198 243
19 12
259 259
24 127
154 322
315 10
192 205
292 292
57 160
4 5
101 166
201 290
22 22
19 133
78 219
193 169
252 255
46 7
31 107
325 325
219 78
304 302
111 216
217 5
134 236
94 163
307 307
55 55
129 41
202 254
174 192
248 221
59 62
133 11
152 24
178 162
143 204
63 32
262 241
141 280
228 248
185 57
97 173
123 82
270 101
201 267
140 171
27 114
322 148
59 183
52 58
144 141
64 32
164 119
304 279
83 131
295 310
48 173
122 122
181 208
33 310
309 214
121 14
106 114
85 91
32 85
4 103
177 174
152 1
222 325
230 186
15 32
141 257
199 198
166 21
91 27
177 30
22 156
228 261
176 71
148 152
240 235
92 108
272 304
135 298
54 81
221 258
213 254
236 237
48 186
1 74
247 252
266 265
59 52
253 146
258 261
204 290
144 10
110 246
28 64
134 311
29 29
134 82
129 116
41 3
254 147
60 16
165 298
326 23
285 134
62 62
160 219
201 257
59 173
44 44
224 240
280 141
171 234
162 185
95 95
107 69
205 83
64 107
204 267
70 38
143 171
229 211
96 96
108 150
128 128
316 99
25 152
180 175
291 271
129 129
161 161
280 298
18 112
261 19
192 185
38 127
284 268
143 292
116 46
162 162
322 151
181 175
234 267
268 143
120 16
240 81
225 218
196 11
195 195
235 231
47 31
281 198
172 62
18 4
298 287
64 120
224 109
79 20
112 17
110 236
131 30
157 168
228 228
166 24
298 143
90 114
62 52
242 248
261 261
67 167
242 19
74 26
165 144
85 35
31 64
317 278
75 107
103 89
150 21
294 294
86 265
298 264
258 228
224 86
204 257
130 79
14 276
264 271
62 173
235 244
28 31
68 67
120 114
179 200
19 211
279 287
246 110
151 101
7 93
99 176
173 125
213 198
272 284
133 89
171 201
82 123
176 316
102 101
75 84
263 55
147 252
302 275
317 26
114 75
280 144
105 112
89 18
75 120
127 130
148 73
39 166
246 87
319 71
82 244
3 100
62 186
223 103
168 167
201 201
180 178
59 117
58 72
105 4
103 223
21 270
264 140
182 187
316 187
234 234
27 84
172 173
137 301
57 192
297 210
96 40
275 271
267 267
301 180
246 244
106 84
13 42
286 280
125 183
258 218
145 161
319 48
56 83
17 12
285 55
190 83
216 221
300 300
6 2
184 125
55 123
268 267
1 152
141 312
301 301
261 228
282 22
321 279
278 317
31 31
63 100
83 78
296 222
290 291
286 257
186 319
32 32
57 205
64 64
243 295
264 9
22 67
275 284
141 204
65 65
171 312
97 97
149 144
168 157
15 64
215 89
74 150
165 268
26 73
53 176
111 297
232 178
98 98
325 226
190 181
196 112
290 268
242 228
254 202
171 204
131 131
63 113
271 291
204 201
278 150
170 59
323 301
175 174
1 21
308 29
125 173
246 54
164 164
129 63
175 30
169 99
74 127
312 264
23 161
197 197
91 36
115 15
195 273
201 204
141 302
227 305
101 80
154 92
253 214
205 174
4 4
271 268
269 158
96 7
40 106
267 234
187 125
166 102
167 67
72 58
252 254
205 30
37 37
219 77
102 166
134 235
48 195
125 186
30 177
5 4
32 107
38 38
27 28
72 179
198 255
144 284
104 248
71 71
185 56
90 84
36 113
8 280
122 265
242 218
21 70
307 198
114 32
99 169
319 172
98 173
104 104
64 31
284 300
201 302
41 84
224 285
105 105
171 279
17 221
137 137
130 278
217 17
258 18
209 162
309 249
107 114
132 287
32 120
173 59
138 138
204 312
170 170
101 70
141 292
248 89
148 151
273 182
171 171
76 162
203 203
163 167
124 59
115 90
40 96
301 137
107 6
180 76
72 48
30 131
204 204
236 236
88 258
122 134
234 312
253 325
201 135
174 181
93 107
125 176
171 292
237 237
29 208
269 269
69 15
323 160
235 276
201 171
214 253
134 81
208 30
207 214
152 278
173 72
0 1
218 223
170 183
270 270
22 168
263 231
221 5
12 11
259 117
243 252
277 165
278 130
62 97
201 292
81 110
1 1
289 139
173 193
10 315
111 218
3 47
29 185
14 285
268 201
67 68
198 222
78 77
104 215
152 26
65 107
124 193
204 302
10 171
183 99
162 76
240 224
56 174
163 157
48 319
222 206
249 309
175 131
21 73
181 174
27 116
213 243
10 292
225 217
219 57
29 162
88 248
103 111
21 150
114 120
155 158
214 207
246 276
181 30
185 180
4 105
131 209
112 196
151 38
204 279
68 269
250 17
281 233
132 290
40 27
173 62
19 4
46 107
92 74
217 105
160 208
40 63
293 243
60 41
286 204
133 111
97 188
58 117
184 193
279 165
204 171
135 300
162 174
27 129
283 55
120 28
173 183
67 22
265 266
32 64
3 37
29 175
176 194
234 315
127 152
7 7
162 30
26 20
312 234
224 121
265 122
204 292
296 146
297 111
34 146
234 171
40 40
194 98
165 300
11 242
133 88
192 174
152 101
70 148
27 106
73 73
267 204
74 38
280 143
37 7
265 14
211 43
21 148
234 292
120 41
106 106
246 266
24 73
16 69
76 83
172 316
132 280
18 258
139 139
180 177
165 277
30 232
226 293
19 223
63 37
50 67
278 74
295 243
260 285
140 140
81 54
301 323
172 172
187 72
4 216
79 130
127 21
208 131
302 287
173 173
60 116
11 111
246 14
217 216
291 165
231 263
77 205
258 217
14 265
176 184
96 75
187 193
132 257
206 206
30 209
38 70
57 83
245 54
58 48
257 257
14 121
215 111
180 190
239 239
27 60
286 171
291 286
143 271
115 60
269 118
216 112
315 234
0 79
11 88
39 70
210 297
32 31
231 240
302 300
55 14
114 100
60 129
287 257
25 108
36 37
8 204
47 46
227 242
120 116
66 145
165 267
299 267
313 22
98 97
14 134
101 102
176 53
241 262
316 176
80 79
113 113
26 108
112 297
25 0
70 151
90 129
210 45
135 280
264 165
122 81
147 254
146 146
20 70
265 246
285 224
164 163
143 140
41 129
195 187
267 292
187 183
179 179
298 279
151 80
264 286
120 129
119 313
165 280
113 90
312 299
39 24
298 135
8 302
102 80
254 214
275 8
85 27
166 101
255 295
246 246
188 125
46 41
150 278
297 297
9 10
48 230
216 223
120 106
300 302
279 279
151 322
79 74
114 31
312 312
173 117
4 196
178 232
105 248
20 24
211 229
8 315
288 220
194 176
80 154
44 88
58 172
116 113
276 251
283 110
187 173
73 151
45 89
92 21
151 70
177 208
238 224
49 59
168 159
27 40
232 180
178 209
17 112
83 57
81 276
102 70
41 60
300 171
106 40
45 210
294 11
56 219
211 242
138 29
278 152
304 290
223 216
35 16
270 148
95 67
41 96
107 41
93 106
193 193
111 11
217 258
237 236
134 260
209 174
129 65
300 292
5 258
284 204
190 160
215 104
26 317
7 75
141 304
103 12
209 30
180 232
218 258
76 174
84 35
302 257
201 291
296 34
1 0
88 5
86 224
34 34
6 115
144 165
50 158
16 16
3 46
315 312
162 219
14 55
67 67
125 188
266 276
133 12
152 25
49 49
278 21
150 101
135 201
146 247
100 100
144 286
70 108
82 82
0 278
60 63
185 323
133 133
52 59
221 17
186 59
312 135
4 19
219 56
56 29
115 115
317 70
81 122
122 123
281 147
93 96
220 137
118 269
165 201
299 201
131 208
177 175
257 204
96 107
5 248
246 311
167 167
204 314
63 46
91 28
80 278
297 133
253 206
173 97
200 200
97 187
124 61
255 252
27 128
213 255
287 204
233 233
98 188
280 165
10 304
217 225
285 14
157 94
29 174
117 58
162 209
48 187
25 320
120 63
7 6
5 225
266 266
185 192
217 261
277 275
204 291
90 40
304 149
141 271
227 45
99 125
100 90
279 321
299 299
11 12
218 225
110 283
257 302
281 281
248 104
148 166
40 75
235 134
38 151
97 200
269 163
135 312
314 314
62 99
127 79
193 173
11 133
266 14
70 39
48 200
94 167
300 272
315 135
107 106
113 37
167 157
52 170
287 302
24 108
265 134
47 91
21 39
173 316
302 201
154 74
299 312
111 112
151 148
184 182
29 308
277 144
296 243
201 271
141 140
147 34
173 172
20 79
39 92
131 175
84 100
209 131
5 215
294 89
177 178
89 294
310 33
290 204
25 166
165 289
174 29
70 317
246 134
219 180
6 36
111 89
171 140
166 25
117 169
149 201
29 56
295 255
80 101
67 168
280 312
224 231
10 271
135 302
116 60
3 3
296 256
202 212
200 59
186 124
157 326
258 229
130 80
90 7
36 36
235 245
201 140
276 54
107 96
287 292
53 125
18 18
198 214
184 316
322 21
191 175
69 69
269 94
129 120
228 242
19 248
41 7
18 103
291 298
311 276
102 102
188 62
224 244
91 129
24 39
84 90
89 19
103 103
175 208
135 135
96 64
41 128
176 173
195 186
187 182
286 304
223 19
133 211
266 246
158 155
291 10
168 168
165 279
298 314
243 198
169 169
7 107
221 216
27 85
133 103
205 208
125 99
284 272
91 106
271 302
109 240
101 150
88 217
202 202
21 127
246 245
165 171
58 194
217 218
89 261
222 296
130 70
176 186
235 235
267 304
187 195
298 291
37 107
151 92
264 298
3 114
104 17
209 219
249 255
268 268
175 77
143 8
280 279
93 7
105 18
204 140
10 9
190 205
116 27
288 219
187 316
280 135
76 219
258 196
224 54
150 25
302 302
215 5
213 310
158 145
205 77
298 268
264 275
2 126
109 109
183 58
15 65
188 173
173 273
146 256
220 205
234 140
26 74
178 208
258 88
142 142
160 190
242 229
27 75
308 174
153 151
63 114
91 96
81 311
183 179
130 24
175 175
302 279
80 166
86 246
107 40
106 75
57 219
176 176
196 5
208 208
302 135
99 72
100 37
219 137
9 264
285 82
211 133
209 209
115 16
241 241
44 221
273 193
70 130
216 104
242 242
274 274
40 107
20 278
74 20
275 10
6 114
92 154
16 15
21 130
275 275
125 187
313 158
5 5
83 190
49 48
216 225
278 20
308 308
140 315
300 304
6 6
59 98
252 147
82 81
161 145
206 296
40 84
20 26
39 39
166 80
31 35
325 253
4 18
243 34
209 78
72 72
149 292
57 29
116 115
36 6
267 284
242 111
248 5
174 205
100 27
246 81
226 252
58 259
17 258
178 175
36 91
115 6
242 196
267 140
0 25
56 185
34 203
254 206
166 322
107 7
319 186
78 209
72 49
284 314
218 103
222 253
223 218
175 178
81 134
208 175
242 88
129 31
193 195
111 242
164 168
2 106
22 313
69 16
7 41
214 254
80 25
301 30
11 11
24 130
56 162
90 75
91 40
289 284
8 271
54 238
248 103
12 12
166 70
186 48
270 127
62 98
148 21
45 45
98 200
37 41
225 12
266 13
108 101
120 75
201 149
220 162
300 271
113 36
12 133
78 78
104 216
70 74
148 322
47 90
13 134
79 79
273 173
105 217
111 111
266 134
31 2
17 104
277 143
8 284
229 103
21 74
221 248
26 152
59 186
112 112
152 148
144 144
284 304
315 291
48 176
25 80
326 157
145 145
177 177
310 212
130 102
278 0
300 284
88 105
52 182
178 178
111 88
210 210
244 123
16 116
81 245
101 74
103 4
208 57
300 140
211 211
243 243
84 27
162 175
221 261
261 297
93 75
224 266
200 58
31 100
244 244
292 141
208 178
25 322
201 139
174 185
